data.js
{"header": {"parameterUnit":"m.s-1","parameterNumber":2,"parameterCategory":2,"parameterNumberName":"U-component_of_wind","dx":1,"dy":1,"la1":90,"la2":-90,"lo1":0,"lo2":359,"nx":360,"ny":181,"refTime":"2017-11-04T13:00:00.000Z\n"}, "data":
[rows 0 to 27 of 181, columns 252 to 314 of 360]
0,0,0,0,0,0,0,0,0,0,0,0,0,0,0,0,0,0,0,0,0,0,0,0,0,0,0,0,0,0,0,0,0,0,0,0,0,0,0,0,0,0,0,0,0,0,0,0,0,0,0,0,0,0,0,0,0,0,0,0,0,0,0
-0.566079,-0.586079,-0.606079,-0.626079,-0.646079,-0.666079,-0.696079,-0.716079,-0.736079,-0.756079,-0.776079,-0.796079,-0.816079,-0.836079,-0.846079,-0.866079,-0.886079,-0.906079,-0.916079,-0.936079,-0.946079,-0.966079,-0.976079,-0.986079,-0.996079,-1.00608,-1.01608,-1.02608,-1.03608,-1.03608,-1.04608,-1.04608,-1.05608,-1.05608,-1.06608,-1.06608,-1.06608,-1.06608,-1.07608,-1.07608,-1.07608,-1.07608,-1.07608,-1.07608,-1.06608,-1.06608,-1.06608,-1.06608,-1.06608,-1.06608,-1.06608,-1.05608,-1.05608,-1.05608,-1.05608,-1.05608,-1.05608,-1.05608,-1.05608,-1.05608,-1.05608,-1.05608,-1.05608
-1.35608,-1.40608,-1.45608,-1.51608,-1.59608,-1.68608,-1.74608,-1.80608,-1.86608,-1.94608,-2.02608,-2.05608,-2.07608,-2.09608,-2.17608,-2.26608,-2.33608,-2.38608,-2.43608,-2.48608,-2.53608,-2.55608,-2.55608,-2.54608,-2.58608,-2.61608,-2.65608,-2.67608,-2.69608,-2.70608,-2.72608,-2.74608,-2.76608,-2.78608,-2.80608,-2.83608,-2.85608,-2.86608,-2.87608,-2.87608,-2.87608,-2.86608,-2.86608,-2.86608,-2.85608,-2.84608,-2.83608,-2.82608,-2.81608,-2.80608,-2.78608,-2.77608,-2.76608,-2.75608,-2.72608,-2.70608,-2.68608,-2.66608,-2.64608,-2.63608,-2.61608,-2.59608,-2.58608
-0.966079,-1.05608,-1.13608,-1.24608,-1.34608,-1.46608,-1.58608,-1.71608,-1.85608,-2.06608,-2.24608,-2.35608,-2.45608,-2.55608,-2.64608,-2.71608,-2.78608,-2.87608,-2.97608,-3.07608,-3.17608,-3.26608,-3.34608,-3.43608,-3.52608,-3.61608,-3.71608,-3.79608,-3.87608,-3.95608,-4.03608,-4.10608,-4.17608,-4.25608,-4.33608,-4.41608,-4.46608,-4.51608,-4.55608,-4.60608,-4.63608,-4.66608,-4.67608,-4.68608,-4.67608,-4.65608,-4.62608,-4.59608,-4.55608,-4.50608,-4.44608,-4.37608,-4.29608,-4.22608,-4.12608,-4.01608,-3.91608,-3.79608,-3.68608,-3.59608,-3.46608,-3.32608,-3.14608
-0.206079,-0.246079,-0.326079,-0.426079,-0.556079,-0.726079,-0.896079,-1.04608,-1.17608,-1.31608,-1.42608,-1.51608,-1.58608,-1.66608,-1.71608,-1.69608,-1.69608,-1.69608,-1.68608,-1.73608,-1.83608,-1.96608,-2.13608,-2.28608,-2.42608,-2.55608,-2.67608,-2.78608,-2.87608,-2.93608,-2.98608,-3.01608,-3.04608,-3.06608,-3.08608,-3.11608,-3.15608,-3.20608,-3.26608,-3.35608,-3.43608,-3.50608,-3.58608,-3.65608,-3.71608,-3.74608,-3.83608,-3.92608,-3.88608,-3.84608,-3.77608,-3.72608,-3.58608,-3.41608,-3.28608,-3.23608,-3.11608,-3.02608,-2.88608,-2.64608,-2.42608,-2.25608,-2.05608
-0.0960791,-0.0460791,-0.0260791,-0.0460791,-0.0960791,-0.206079,-0.346079,-0.506079,-0.666079,-0.826079,-0.956079,-1.05608,-1.08608,-1.07608,-1.06608,-1.06608,-1.06608,-1.05608,-1.07608,-1.11608,-1.17608,-1.25608,-1.35608,-1.46608,-1.56608,-1.66608,-1.73608,-1.77608,-1.79608,-1.78608,-1.73608,-1.67608,-1.57608,-1.47608,-1.34608,-1.21608,-1.07608,-0.946079,-0.816079,-0.706079,-0.606079,-0.526079,-0.456079,-0.426079,-0.416079,-0.416079,-0.446079,-0.466079,-0.506079,-0.546079,-0.576079,-0.606079,-0.626079,-0.626079,-0.626079,-0.616079,-0.606079,-0.596079,-0.596079,-0.606079,-0.616079,-0.636079,-0.656079
-0.296079,-0.256079,-0.256079,-0.286079,-0.366079,-0.486079,-0.596079,-0.686079,-0.736079,-0.746079,-0.716079,-0.636079,-0.536079,-0.426079,-0.296079,-0.156079,-0.0060791,0.143921,0.303921,0.473921,0.643921,0.823921,0.993921,1.15392,1.32392,1.47392,1.64392,1.80392,1.97392,2.14392,2.31392,2.47392,2.61392,2.73392,2.83392,2.91392,2.95392,2.97392,2.98392,2.96392,2.92392,2.87392,2.79392,2.70392,2.60392,2.50392,2.39392,2.29392,2.19392,2.12392,2.03392,1.96392,1.88392,1.80392,1.75392,1.71392,1.69392,1.68392,1.68392,1.67392,1.65392,1.62392,1.59392
-0.796079,-0.956079,-1.09608,-1.18608,-1.23608,-1.23608,-1.18608,-1.05608,-0.866079,-0.616079,-0.296079,0.0439209,0.403921,0.733921,1.02392,1.25392,1.42392,1.55392,1.64392,1.66392,1.64392,1.60392,1.56392,1.53392,1.53392,1.56392,1.61392,1.66392,1.64392,1.48392,1.21392,1.05392,1.06392,1.11392,0.923921,0.513921,0.193921,0.283921,0.533921,0.543921,0.153921,-0.386079,-0.966079,-0.876079,-0.906079,-0.986079,-1.06608,-1.07608,-0.926079,-0.646079,-0.306079,0.0539209,0.413921,0.743921,1.02392,1.25392,1.41392,1.49392,1.42392,1.18392,0.753921,0.303921,0.103921
-1.33608,-1.45608,-1.52608,-1.52608,-1.50608,-1.44608,-1.32608,-1.10608,-0.836079,-0.526079,-0.236079,-0.0360791,0.0339209,-0.0260791,-0.136079,-0.186079,-0.0360791,0.203921,0.333921,0.0739209,-0.276079,-0.616079,-0.736079,-0.416079,0.253921,0.663921,0.413921,-0.356079,-1.18608,-1.67608,-1.66608,-0.946079,-0.256079,0.0339209,0.213921,0.563921,1.01392,1.19392,1.02392,0.433921,-0.0760791,-0.0760791,0.363921,0.823921,1.19392,1.49392,1.89392,1.85392,0.883921,-0.496079,-1.34608,-1.07608,0.293921,1.69392,2.07392,1.85392,1.13392,0.263921,-0.476079,-0.386079,0.663921,1.61392,1.33392
-0.956079,-0.996079,-1.06608,-1.16608,-1.23608,-1.27608,-1.30608,-1.35608,-1.35608,-1.14608,-0.606079,0.0839209,0.363921,-0.116079,-0.816079,-1.02608,-0.896079,-1.30608,-1.92608,-1.57608,-0.966079,-0.956079,-1.70608,-1.91608,-1.96608,-1.43608,-1.43608,-1.17608,-0.736079,-1.11608,-1.77608,-1.63608,-1.22608,-0.796079,0.243921,1.47392,1.94392,1.33392,0.833921,0.873921,1.25392,1.36392,0.853921,0.0739209,-0.0160791,0.0939209,-0.546079,-2.16608,-3.14608,-1.90608,0.593921,2.57392,3.16392,2.81392,2.53392,2.66392,3.19392,4.01392,4.61392,4.43392,3.30392,1.98392,1.41392
-0.176079,-0.306079,-0.616079,-1.05608,-1.48608,-1.85608,-2.01608,-2.11608,-1.90608,-1.43608,-1.01608,-0.806079,-0.616079,-0.546079,-0.856079,-1.15608,-0.196079,1.09392,1.37392,0.403921,-0.856079,-1.78608,-1.45608,-0.786079,-0.456079,-0.696079,-1.55608,-1.87608,-2.02608,-1.98608,-0.556079,0.793921,1.37392,1.22392,1.12392,1.09392,0.873921,0.613921,-0.456079,-2.14608,-3.07608,-3.27608,-3.18608,-3.04608,-2.58608,-2.68608,-1.61608,-1.20608,-2.39608,-3.78608,-3.83608,-3.11608,-2.18608,-1.33608,-1.15608,-1.30608,-0.726079,1.18392,3.25392,4.36392,4.25392,3.53392,2.77392
0.293921,0.153921,-0.136079,-0.536079,-0.896079,-0.856079,-0.766079,-1.01608,-1.48608,-1.77608,-1.87608,-1.90608,-1.62608,-1.15608,-0.826079,-0.996079,-1.34608,-1.49608,-1.19608,0.0539209,0.993921,0.533921,-0.0960791,-0.936079,-1.03608,-1.35608,-1.84608,-2.40608,-1.42608,0.213921,1.04392,1.34392,1.67392,1.95392,1.56392,0.743921,0.173921,-0.266079,-0.846079,-1.18608,-0.736079,0.403921,0.913921,0.263921,-0.866079,-1.43608,-1.39608,-1.41608,-1.86608,-2.45608,-2.44608,-1.51608,-0.376079,0.253921,0.383921,0.583921,0.873921,1.02392,1.04392,1.03392,1.16392,1.46392,1.78392
0.0739209,-0.486079,-1.42608,-2.26608,-2.83608,-3.06608,-3.28608,-3.27608,-2.83608,-2.42608,-2.50608,-2.39608,-2.10608,-1.68608,-1.32608,-1.14608,-1.27608,-1.48608,-1.55608,-1.30608,-0.856079,-0.846079,-2.06608,-1.77608,-0.886079,-0.536079,-2.16608,-3.38608,-1.24608,0.933921,1.17392,0.153921,-1.57608,-3.28608,-3.54608,-3.39608,-2.75608,-2.76608,-3.39608,-4.91608,-4.89608,-4.42608,-4.02608,-4.08608,-3.55608,-3.52608,-4.49608,-5.55608,-5.92608,-5.71608,-5.12608,-4.15608,-2.94608,-1.96608,-1.52608,-1.21608,-0.696079,-0.196079,0.0639209,0.0539209,0.0639209,0.473921,1.22392
0.303921,0.0639209,-0.416079,-1.04608,-1.49608,-1.77608,-2.13608,-2.53608,-2.66608,-2.36608,-1.69608,-1.62608,-1.47608,-1.17608,-1.45608,-1.44608,-1.32608,-1.14608,-0.696079,-0.366079,-0.466079,-1.18608,-1.38608,-1.01608,-0.606079,-0.106079,-1.00608,-2.51608,-1.31608,0.303921,-0.296079,-2.28608,-4.40608,-6.27608,-6.61608,-6.15608,-5.82608,-3.53608,-3.68608,-3.89608,-2.40608,-1.29608,-3.87608,-8.06608,-8.65608,-7.59608,-7.35608,-8.01608,-8.73608,-9.19608,-9.34608,-8.96608,-8.44608,-8.02608,-7.20608,-6.10608,-5.19608,-4.81608,-4.38608,-3.33608,-2.26608,-1.30608,-0.326079
0.703921,0.683921,0.913921,0.533921,-0.406079,-0.916079,-1.72608,-1.63608,-1.70608,-1.96608,-1.84608,-2.08608,-2.68608,-2.46608,-2.05608,-2.25608,-2.24608,-0.906079,0.603921,1.29392,1.63392,2.14392,2.41392,2.59392,2.29392,2.02392,2.61392,2.02392,-0.996079,-3.04608,-4.35608,-5.26608,-5.68608,-4.98608,-4.09608,-3.46608,-2.87608,-2.36608,-2.25608,-2.79608,-3.79608,-4.36608,-6.06608,-6.89608,-7.67608,-8.28608,-8.13608,-6.68608,-5.60608,-6.27608,-6.79608,-5.71608,-5.48608,-5.80608,-5.50608,-5.15608,-4.64608,-4.04608,-4.26608,-4.97608,-4.81608,-3.97608,-3.26608
-1.22608,-0.816079,-0.846079,-1.00608,-0.396079,-0.586079,-1.66608,-2.75608,-3.38608,-2.71608,-2.24608,-2.71608,-2.50608,-2.33608,-1.23608,-0.566079,-1.48608,-2.02608,-1.49608,-1.05608,-2.22608,-2.16608,-1.15608,-0.366079,-1.79608,-6.43608,-5.64608,0.273921,1.53392,-2.57608,-6.68608,-7.25608,-6.67608,-5.77608,-4.46608,-3.44608,-2.87608,-2.58608,-2.18608,-1.62608,-1.32608,-1.34608,-1.01608,0.153921,1.77392,2.65392,1.85392,-0.436079,-3.53608,-6.25608,-7.37608,-7.10608,-8.49608,-7.13608,-6.49608,-7.22608,-6.22608,-4.68608,-4.41608,-4.56608,-3.96608,-3.65608,-3.62608
-3.36608,-2.67608,-2.50608,-2.33608,-2.08608,-1.84608,-1.63608,-1.27608,-0.766079,-0.786079,-0.256079,0.213921,-0.466079,-0.956079,-0.206079,0.653921,0.813921,2.00392,2.36392,2.66392,3.74392,4.89392,5.51392,5.89392,6.40392,7.51392,8.43392,7.85392,6.98392,5.48392,2.39392,-1.18608,-4.16608,-4.59608,-3.88608,-3.16608,-2.48608,-2.14608,-1.99608,-1.62608,-1.20608,-1.05608,-0.946079,-0.826079,-0.766079,-0.816079,-1.11608,-1.27608,-0.776079,-1.35608,-2.76608,-3.46608,-5.85608,-8.34608,-7.77608,-6.73608,-6.08608,-5.21608,-4.22608,-4.68608,-5.66608,-5.84608,-4.85608
-2.84608,-2.24608,-2.69608,-2.41608,-2.30608,-2.58608,-1.94608,-1.77608,-2.55608,-2.04608,-1.59608,-1.33608,-2.00608,-1.58608,-0.606079,-1.28608,-0.246079,0.263921,-0.0860791,-0.706079,-0.326079,0.563921,0.293921,-0.0060791,0.893921,0.113921,1.45392,2.41392,1.64392,0.593921,1.08392,1.84392,0.743921,-1.79608,-1.98608,-2.25608,-2.66608,-2.76608,-2.75608,-2.58608,-2.29608,-1.98608,-2.00608,-2.20608,-1.94608,-1.06608,-0.936079,-1.77608,-2.16608,-1.14608,-1.30608,-3.14608,-3.63608,-4.77608,-6.89608,-6.58608,-7.10608,-6.70608,-5.87608,-5.87608,-5.22608,-4.91608,-4.63608
-3.56608,-3.73608,-2.56608,-1.48608,-1.44608,-1.12608,-1.75608,-2.30608,-2.40608,-2.15608,-2.34608,-2.36608,-2.48608,-2.10608,-1.57608,-2.11608,-1.80608,-1.03608,-1.38608,-0.866079,-0.0860791,1.45392,2.26392,1.08392,0.893921,1.05392,1.51392,0.453921,-0.0460791,0.693921,-1.00608,-0.986079,0.993921,1.98392,0.413921,-1.41608,-1.80608,-2.30608,-2.60608,-3.82608,-3.95608,-3.34608,-2.33608,-0.876079,0.603921,1.28392,1.13392,0.823921,-0.956079,-2.47608,-0.186079,-2.85608,-5.97608,-2.17608,-1.93608,-2.58608,-5.52608,-5.23608,-5.70608,-6.35608,-5.86608,-5.45608,-4.95608
-1.70608,-2.00608,-2.21608,-1.78608,-1.44608,-1.15608,-0.716079,-0.676079,-0.876079,-1.00608,-1.08608,-1.44608,-0.906079,-1.35608,-0.106079,-0.0160791,-1.42608,-1.93608,-2.41608,-2.40608,-2.23608,-1.93608,-0.536079,0.763921,1.70392,2.53392,1.78392,0.983921,-0.126079,-1.98608,-3.78608,-3.63608,-1.99608,-1.20608,-1.30608,-1.57608,-0.196079,1.19392,1.18392,1.62392,-1.66608,-3.96608,-3.82608,-3.95608,-3.65608,-1.62608,0.293921,1.10392,1.08392,-0.396079,-0.206079,1.52392,-0.936079,-4.30608,-4.87608,-7.23608,-8.35608,-6.71608,-6.14608,-5.33608,-5.91608,-5.24608,-4.30608
-2.74608,-2.49608,-2.08608,-1.23608,-1.14608,-0.886079,-0.746079,-0.516079,-0.486079,-0.196079,-0.566079,-1.74608,-2.70608,-2.10608,-0.766079,-0.636079,0.373921,-0.0860791,-0.706079,-0.826079,-0.276079,-0.616079,-1.51608,-1.58608,-0.286079,0.783921,1.22392,0.903921,0.813921,1.45392,-0.716079,-2.07608,-1.68608,-4.71608,-5.47608,0.563921,1.06392,-1.91608,-0.936079,1.59392,2.18392,2.62392,-1.39608,-4.58608,-5.38608,-5.00608,-3.30608,-1.26608,0.243921,0.193921,-1.28608,-0.506079,1.06392,-0.456079,-1.69608,-3.79608,-4.93608,-2.87608,-4.09608,-3.92608,-3.67608,-3.86608,-3.87608
-1.85608,-2.14608,-2.88608,-2.88608,-2.49608,-1.98608,-1.27608,-1.22608,-1.31608,-1.46608,-1.29608,-0.256079,0.0339209,-1.90608,-2.65608,-1.91608,-0.716079,2.04392,2.58392,2.56392,1.08392,-1.09608,-0.0460791,0.163921,0.543921,2.58392,3.05392,1.71392,0.383921,1.16392,0.653921,-1.46608,-3.93608,-4.85608,-3.71608,-3.47608,-3.96608,-3.71608,-2.54608,-0.576079,1.48392,3.19392,0.593921,-1.55608,-2.21608,-2.60608,-2.39608,-1.53608,-0.0860791,2.43392,5.04392,5.30392,4.41392,5.32392,3.28392,-0.626079,-2.09608,-2.79608,-3.16608,-3.41608,-2.41608,-3.47608,-3.81608
1.54392,-0.876079,-1.47608,-1.64608,-1.38608,-0.956079,-0.776079,-0.526079,-0.266079,-0.986079,-0.906079,-0.276079,0.543921,0.533921,0.713921,0.753921,0.693921,0.903921,1.29392,2.60392,3.90392,2.92392,1.09392,1.56392,1.58392,2.11392,4.15392,1.34392,-2.68608,-0.176079,2.14392,1.55392,1.87392,2.16392,1.98392,-1.63608,-3.15608,-1.77608,-0.716079,0.933921,1.68392,1.30392,-2.05608,-2.38608,-0.716079,0.933921,0.343921,0.173921,0.803921,1.63392,2.23392,2.42392,2.39392,3.20392,1.82392,-1.95608,-1.82608,-2.24608,-3.49608,-1.74608,-4.12608,-6.40608,-5.17608
3.73392,1.74392,0.863921,-0.106079,-0.366079,-0.146079,0.193921,0.513921,0.613921,0.593921,0.513921,0.363921,0.583921,-0.136079,1.02392,0.343921,0.0839209,0.773921,1.16392,1.22392,1.33392,0.553921,0.673921,1.20392,0.893921,2.67392,2.70392,4.49392,7.13392,8.03392,5.86392,2.55392,2.73392,4.46392,5.40392,3.20392,1.25392,2.77392,-0.276079,0.273921,2.86392,2.12392,5.46392,-0.616079,0.633921,0.813921,0.743921,2.27392,4.03392,3.69392,3.61392,3.43392,2.88392,3.10392,-1.08608,-2.62608,-1.05608,-1.65608,-3.51608,-5.92608,-5.61608,-5.88608,-4.92608
6.33392,6.34392,5.21392,2.05392,0.903921,0.123921,0.113921,-0.0860791,-0.486079,-0.476079,-0.486079,-0.476079,-0.116079,-0.366079,0.123921,0.153921,0.653921,0.623921,1.02392,0.233921,1.29392,1.56392,2.62392,1.27392,-0.0860791,2.78392,4.93392,6.18392,6.89392,7.25392,7.62392,8.09392,8.47392,6.77392,2.73392,2.14392,2.72392,1.96392,2.04392,2.31392,3.48392,6.66392,2.52392,-3.57608,-1.13608,1.62392,2.33392,2.60392,1.17392,0.843921,0.153921,0.183921,0.593921,0.223921,-2.42608,-3.57608,-0.706079,-0.546079,-4.46608,-6.31608,-7.12608,-3.83608,-5.11608
5.36392,5.28392,5.23392,4.28392,2.84392,1.25392,0.613921,0.523921,-0.0060791,-0.716079,-0.986079,-1.83608,-2.07608,-2.07608,-2.07608,-1.76608,-1.40608,-0.206079,-0.526079,0.0639209,0.113921,2.40392,-0.176079,-1.07608,2.84392,5.64392,6.50392,6.66392,7.09392,7.46392,6.81392,4.03392,3.57392,3.55392,3.05392,2.13392,1.84392,3.72392,2.21392,3.08392,3.29392,3.25392,5.17392,0.153921,2.12392,3.24392,2.26392,0.463921,-0.516079,-1.42608,-2.10608,-2.42608,-2.53608,-2.13608,-4.41608,-6.47608,-4.59608,-2.50608,-6.24608,-7.49608,-8.46608,-8.83608,-6.02608
4.30392,4.65392,4.21392,4.63392,3.68392,3.51392,2.78392,2.83392,2.51392,2.32392,2.00392,1.32392,-0.136079,-2.51608,-3.07608,-3.52608,-3.66608,-2.37608,-1.00608,-0.446079,0.873921,1.65392,0.603921,0.953921,1.42392,1.09392,1.39392,3.87392,6.23392,7.29392,8.91392,10.3039,10.9239,11.0639,11.0639,9.88392,5.36392,4.10392,3.03392,2.44392,1.17392,-0.946079,3.13392,2.85392,2.77392,3.04392,2.22392,0.463921,-0.736079,-1.48608,-2.62608,-3.55608,-3.83608,-3.43608,-2.89608,-3.45608,-4.06608,-4.51608,-1.23608,-7.56608,-7.65608,-7.13608,-5.69608
4.96392,4.68392,4.76392,4.33392,4.53392,4.35392,5.88392,5.80392,4.45392,4.52392,3.83392,4.52392,4.39392,4.88392,4.31392,3.96392,3.46392,4.12392,5.42392,4.84392,4.23392,1.43392,-1.90608,-1.50608,-1.42608,-0.516079,2.57392,4.91392,5.92392,6.23392,6.74392,7.78392,8.75392,9.39392,9.87392,9.71392,9.65392,8.91392,5.22392,1.29392,4.12392,4.95392,0.0939209,1.02392,2.90392,2.48392,1.38392,1.33392,0.413921,-0.516079,-1.02608,-1.39608,-1.49608,-1.61608,-1.27608,-1.76608,-1.10608,-1.88608,-3.02608,-8.43608,-7.15608,-8.16608,-6.34608
