data.js
{"header": {"parameterUnit":"m.s-1","parameterNumber":3,"parameterCategory":2,"parameterNumberName":"V-component_of_wind","dx":1,"dy":1,"la1":90,"la2":-90,"lo1":0,"lo2":359,"nx":360,"ny":181,"refTime":"2017-11-04T13:00:00.000Z\n"}, "data":
[rows 56 to 83 of 181, columns 128 to 191 of 360]
-3.37252,-5.21252,-7.91252,-5.04252,-2.15252,-4.51252,-2.06252,-11.9025,-2.38252,-12.4425,-9.94252,-2.97252,-1.11252,-0.392522,-1.27252,-2.95252,-3.45252,-3.52252,-2.25252,9.25748,8.63748,7.15748,6.30748,5.48748,4.59748,4.03748,4.44748,10.2475,11.1175,10.9775,10.1075,9.96748,9.85748,9.30748,8.40748,7.49748,6.30748,4.95748,3.45748,0.887478,-1.27252,-3.25252,-4.80252,-5.99252,-7.32252,-8.45252,-9.31252,-9.99252,-8.73252,-9.51252,-8.85252,-7.89252,-7.63252,-6.34252,-4.53252,-1.70252,0.857478,3.45748,5.58748,5.81748,4.45748,3.90748,6.07748,5.58748
-6.65252,-8.88252,-3.51252,-1.38252,-10.3225,-1.84252,-6.72252,-14.5925,-9.39252,-12.3625,-10.8125,-7.34252,-6.14252,-5.30252,-5.26252,-2.65252,-2.57252,4.45748,6.26748,6.56748,6.50748,5.48748,4.94748,4.41748,2.28748,5.89748,10.2675,10.3975,9.88748,9.64748,9.03748,9.02748,8.86748,7.99748,6.66748,5.72748,4.47748,2.95748,1.61748,-0.072522,-2.06252,-3.88252,-5.26252,-6.63252,-7.34252,-8.28252,-9.11252,-9.70252,-8.48252,-9.40252,-8.42252,-7.57252,-6.93252,-6.28252,-5.18252,-2.66252,-0.042522,3.29748,5.85748,4.58748,3.23748,2.99748,5.06748,4.76748
-9.05252,-10.1425,-9.15252,-1.48252,-13.8225,-10.5325,-9.18252,-13.4125,-11.9425,-8.90252,-9.81252,-7.28252,-5.42252,-4.24252,-2.47252,0.357478,4.56748,4.38748,4.50748,5.19748,5.11748,4.08748,3.19748,2.51748,6.35748,9.41748,10.2075,9.65748,9.04748,8.47748,8.36748,8.11748,7.35748,6.29748,5.06748,4.13748,2.74748,1.41748,0.217478,-1.13252,-2.88252,-4.52252,-5.75252,-6.68252,-7.12252,-8.35252,-9.26252,-9.51252,-7.26252,-8.83252,-8.43252,-7.67252,-7.53252,-6.49252,-4.91252,-2.49252,0.617478,4.18748,3.97748,2.78748,1.49748,4.30748,4.57748,5.05748
-9.82252,-10.2125,-9.89252,-5.16252,-13.0525,-11.3225,-8.22252,-8.60252,-8.97252,-8.95252,-7.97252,-6.79252,-4.34252,-3.72252,1.92748,2.89748,2.48748,2.66748,3.23748,2.23748,2.43748,4.73748,5.71748,5.41748,8.31748,9.95748,9.37748,8.61748,8.10748,7.62748,7.56748,6.82748,5.60748,4.61748,3.62748,2.59748,1.36748,0.327478,-0.612522,-2.00252,-3.56252,-4.98252,-6.23252,-6.85252,-7.11252,-8.42252,-9.04252,-8.85252,-7.18252,-8.10252,-8.31252,-8.15252,-7.16252,-6.00252,-4.24252,-1.64252,2.69748,2.82748,2.43748,0.077478,0.237478,4.41748,5.12748,7.46748
-9.60252,-10.0125,-8.94252,-5.87252,-10.1525,-10.8925,-9.13252,-7.81252,-8.16252,-7.67252,-6.82252,-6.17252,-2.93252,0.757478,-0.00252197,0.137478,1.16748,0.937478,1.84748,3.25748,4.89748,5.50748,5.07748,6.68748,9.18748,8.57748,7.72748,7.12748,6.66748,6.26748,6.25748,5.34748,4.29748,3.26748,2.30748,1.41748,0.487478,-0.482522,-1.50252,-2.65252,-4.00252,-5.11252,-6.09252,-6.74252,-6.93252,-8.42252,-8.92252,-8.98252,-8.24252,-7.68252,-7.45252,-7.06252,-5.86252,-4.68252,-1.18252,2.50748,1.64748,1.72748,-0.202522,-1.53252,3.36748,3.38748,6.65748,7.52748
-9.47252,-9.55252,-10.0825,-7.92252,-6.67252,-9.45252,-9.87252,-9.36252,-9.02252,-8.11252,-7.88252,-2.08252,-2.39252,-2.79252,-2.11252,-1.40252,-1.87252,1.41748,3.42748,4.31748,4.89748,4.25748,4.66748,8.32748,7.61748,6.49748,6.10748,5.40748,5.21748,4.86748,4.52748,3.80748,2.97748,1.91748,1.22748,0.557478,-0.222522,-1.18252,-2.20252,-3.30252,-4.35252,-5.25252,-6.06252,-6.59252,-6.97252,-8.31252,-8.93252,-9.02252,-7.65252,-7.65252,-7.45252,-6.60252,-4.49252,-0.032522,0.477478,-0.212522,0.017478,-1.04252,-1.36252,0.887478,2.93748,3.39748,8.89748,9.31748
-10.9925,-10.4125,-10.9625,-8.77252,-8.54252,-8.13252,-8.23252,-7.66252,-7.20252,-7.45252,-3.56252,-4.77252,-4.17252,-3.81252,-3.63252,-2.69252,3.29748,3.33748,3.54748,3.85748,3.88748,2.77748,6.64748,6.42748,5.55748,4.81748,4.33748,3.99748,3.73748,3.46748,3.19748,2.45748,1.75748,0.897478,0.477478,-0.122522,-0.862522,-1.80252,-2.75252,-3.81252,-4.72252,-5.59252,-6.26252,-6.60252,-6.50252,-8.14252,-8.98252,-8.53252,-8.32252,-7.22252,-5.70252,-3.79252,-2.11252,-1.47252,-1.08252,-1.78252,-2.00252,-2.38252,-0.772522,2.18748,1.52748,6.76748,8.84748,8.38748
-10.0325,-9.64252,-10.1825,-10.0125,-9.21252,-9.24252,-8.75252,-8.35252,-7.47252,-6.27252,-6.35252,-6.08252,-6.05252,-6.03252,-1.29252,2.30748,3.82748,2.42748,4.05748,3.38748,2.81748,3.51748,5.26748,4.40748,3.76748,3.15748,2.56748,2.43748,2.36748,1.83748,2.00748,1.35748,0.867478,0.297478,-0.422522,-0.862522,-1.49252,-2.26252,-3.22252,-4.12252,-5.04252,-5.89252,-6.35252,-6.65252,-6.65252,-7.23252,-8.77252,-8.06252,-7.16252,-5.82252,-5.01252,-4.16252,-3.40252,-2.40252,-3.07252,-2.66252,-2.84252,-1.42252,2.55748,2.80748,3.02748,5.28748,8.27748,11.4575
-9.93252,-10.3725,-10.9025,-10.4425,-9.93252,-10.0925,-9.27252,-7.93252,-7.77252,-7.54252,-7.31252,-7.16252,-6.59252,-2.49252,1.99748,3.94748,3.00748,2.91748,2.62748,2.65748,2.44748,4.29748,3.44748,2.59748,1.91748,0.967478,1.50748,2.12748,1.77748,1.20748,1.53748,0.587478,-0.012522,-0.282522,-1.05252,-1.65252,-2.11252,-2.78252,-3.65252,-4.62252,-5.38252,-6.03252,-6.45252,-6.78252,-7.04252,-7.12252,-7.14252,-6.95252,-6.74252,-6.17252,-5.49252,-4.79252,-3.76252,-4.37252,-3.90252,-3.72252,-0.672522,2.98748,1.97748,2.79748,1.86748,8.01748,9.77748,9.95748
-10.9025,-10.9125,-10.5525,-9.14252,-8.78252,-8.74252,-8.84252,-8.83252,-8.48252,-7.71252,-6.81252,-5.51252,-3.20252,3.09748,2.56748,3.23748,2.15748,1.99748,2.00748,2.24748,2.84748,2.71748,2.28748,1.19748,0.647478,1.50748,1.42748,0.807478,0.307478,0.177478,0.257478,0.297478,0.077478,-0.922522,-1.49252,-1.87252,-2.49252,-3.05252,-3.65252,-4.30252,-4.95252,-5.57252,-6.21252,-6.88252,-7.36252,-7.47252,-7.56252,-7.94252,-7.72252,-6.80252,-6.28252,-5.89252,-5.74252,-4.84252,-4.42252,0.177478,1.60748,2.44748,2.78748,-0.082522,9.53748,8.89748,9.60748,9.65748
-10.2625,-9.88252,-8.77252,-9.03252,-9.53252,-9.82252,-9.29252,-7.63252,-6.36252,-5.77252,-5.13252,-3.74252,0.307478,2.31748,2.20748,2.04748,1.78748,1.49748,1.41748,2.10748,2.28748,1.44748,1.42748,0.227478,-0.072522,0.517478,0.817478,1.27748,1.58748,0.947478,0.537478,-0.122522,-0.762522,-0.882522,-1.21252,-1.68252,-2.12252,-2.71252,-3.39252,-3.84252,-4.42252,-4.95252,-5.49252,-5.92252,-6.49252,-7.35252,-7.56252,-7.74252,-6.97252,-6.81252,-6.56252,-6.01252,-5.27252,-5.09252,-1.70252,0.067478,2.53748,2.31748,2.31748,4.02748,7.79748,7.62748,7.60748,7.36748
-9.33252,-9.68252,-9.79252,-8.46252,-8.30252,-7.76252,-6.13252,-6.05252,-5.90252,-4.26252,-3.33252,-1.44252,0.577478,1.25748,1.53748,1.27748,0.787478,0.777478,0.657478,1.33748,1.49748,0.997478,0.227478,-0.512522,-0.872522,-0.492522,-1.00252,-0.922522,-0.492522,-0.052522,0.747478,0.787478,0.077478,-0.682522,-1.21252,-1.77252,-2.25252,-2.65252,-2.99252,-3.75252,-4.48252,-5.04252,-5.64252,-6.12252,-6.18252,-6.41252,-7.25252,-6.38252,-6.95252,-6.50252,-6.35252,-6.14252,-4.80252,-1.61252,0.937478,0.937478,1.05748,1.93748,0.467478,5.24748,6.68748,5.22748,7.91748,6.12748
-8.85252,-8.06252,-7.70252,-7.17252,-6.62252,-5.59252,-5.25252,-4.24252,-3.37252,-2.68252,-1.81252,-0.782522,0.217478,0.247478,0.867478,0.827478,0.597478,0.467478,0.527478,0.737478,0.717478,0.017478,-0.522522,-0.832522,-1.08252,-1.65252,-0.802522,-0.292522,-0.832522,-1.25252,-1.77252,-2.03252,-1.90252,-1.63252,-1.27252,-1.07252,-1.65252,-2.32252,-2.77252,-2.89252,-3.09252,-3.66252,-4.78252,-5.35252,-5.64252,-6.09252,-5.98252,-6.25252,-6.26252,-6.41252,-6.22252,-4.99252,-3.02252,-0.152522,-0.872522,-0.782522,0.137478,0.207478,3.24748,3.73748,4.38748,5.29748,7.38748,5.60748
-7.12252,-7.11252,-5.95252,-5.50252,-5.39252,-4.98252,-3.72252,-2.72252,-2.35252,-2.26252,-1.28252,-0.912522,-0.272522,0.227478,-0.332522,0.677478,0.697478,-0.082522,0.207478,0.677478,0.157478,-0.892522,-1.56252,-2.05252,-2.35252,-1.09252,-0.532522,-0.832522,-0.872522,-1.54252,-2.18252,-1.95252,-1.82252,-2.05252,-2.41252,-2.48252,-2.02252,-2.33252,-3.02252,-3.71252,-3.88252,-3.74252,-4.20252,-4.85252,-5.00252,-5.28252,-5.84252,-5.87252,-5.97252,-5.65252,-5.33252,-4.19252,-1.16252,-1.66252,-3.44252,-1.48252,2.85748,2.83748,2.02748,3.01748,2.89748,5.71748,6.22748,5.24748
-5.31252,-5.02252,-5.45252,-5.05252,-4.25252,-3.79252,-3.28252,-2.72252,-2.53252,-1.49252,-0.452522,1.34748,0.977478,0.637478,0.927478,0.847478,-0.042522,-0.202522,-0.132522,0.307478,-0.652522,-1.45252,-2.07252,-1.92252,-0.922522,-0.152522,-0.232522,-1.00252,-1.65252,-2.20252,-1.61252,-1.51252,-2.08252,-2.26252,-2.32252,-2.70252,-3.28252,-3.67252,-3.55252,-3.26252,-3.40252,-3.86252,-4.07252,-4.59252,-5.18252,-5.39252,-5.41252,-5.68252,-5.59252,-5.51252,-5.24252,-2.21252,-2.40252,-3.60252,-3.63252,0.787478,3.65748,1.62748,1.26748,3.27748,4.14748,5.24748,5.10748,4.28748
-4.23252,-4.76252,-4.54252,-4.06252,-3.97252,-2.63252,-2.83252,-2.10252,-0.972522,0.257478,1.20748,1.21748,0.847478,0.347478,0.207478,0.097478,0.267478,-0.062522,-0.422522,-0.592522,-0.602522,-0.992522,-0.902522,-0.402522,0.337478,-0.502522,-0.502522,-1.48252,-2.13252,-2.76252,-2.25252,-2.12252,-0.362522,-0.422522,-1.32252,-2.62252,-3.52252,-3.73252,-3.42252,-3.63252,-4.13252,-4.91252,-5.17252,-5.37252,-5.50252,-5.46252,-5.73252,-5.95252,-5.87252,-4.97252,-2.99252,-3.64252,-3.05252,-3.86252,-1.24252,-0.182522,1.49748,-0.072522,1.65748,2.78748,4.02748,4.99748,4.28748,4.26748
-3.64252,-3.56252,-3.15252,-3.10252,-2.27252,-1.65252,-1.33252,-1.40252,-1.28252,-0.852522,0.137478,0.387478,0.487478,0.027478,-0.212522,-0.742522,-1.04252,-0.692522,-0.872522,-1.38252,-1.34252,-1.55252,-0.432522,-0.092522,0.917478,0.917478,0.097478,-0.882522,-2.26252,-2.73252,-2.13252,-0.902522,-1.74252,-1.97252,-2.22252,-2.88252,-3.15252,-2.94252,-3.50252,-3.77252,-3.88252,-4.28252,-4.56252,-3.85252,-4.18252,-5.20252,-5.38252,-4.18252,-3.84252,-3.79252,-3.74252,-3.35252,-4.09252,-2.65252,-1.34252,-1.52252,-0.452522,1.16748,2.80748,3.68748,5.14748,4.80748,4.08748,3.57748
-3.61252,-3.20252,-2.91252,-2.44252,-1.81252,-1.49252,-1.45252,-1.25252,-1.18252,-0.832522,0.437478,0.347478,-0.282522,-1.59252,-1.72252,-0.922522,-1.12252,-1.57252,-1.65252,-1.46252,-1.49252,-0.312522,-0.472522,-0.602522,-0.012522,0.167478,0.00747803,-1.22252,-1.99252,-2.41252,-1.10252,-0.042522,-0.692522,-1.38252,-1.81252,-2.14252,-1.64252,-1.35252,-1.69252,-2.25252,-2.10252,-2.21252,-2.33252,-2.92252,-3.28252,-3.41252,-3.35252,-3.90252,-4.10252,-4.07252,-4.12252,-4.32252,-4.00252,-1.00252,-1.62252,-1.50252,-0.452522,1.28748,2.62748,3.90748,4.38748,4.11748,3.29748,3.06748
-2.88252,-2.55252,-2.15252,-1.84252,-1.75252,-1.50252,-1.37252,-1.31252,-1.35252,-0.882522,-0.272522,-0.452522,-0.872522,-0.882522,-0.772522,-1.50252,-1.45252,-1.28252,-1.51252,-1.43252,-1.39252,-1.21252,-1.34252,-1.56252,-1.41252,-0.462522,-0.642522,-1.57252,-2.21252,-1.74252,-1.64252,-1.98252,-1.74252,-1.94252,-2.03252,-2.04252,-2.46252,-2.66252,-3.14252,-3.27252,-2.82252,-2.48252,-2.94252,-3.67252,-3.94252,-3.97252,-4.32252,-4.49252,-4.14252,-4.08252,-4.69252,-3.10252,-1.09252,-2.67252,-2.09252,-1.58252,0.257478,1.61748,3.62748,4.29748,3.46748,2.97748,2.35748,1.96748
-1.75252,-1.86252,-2.11252,-1.86252,-1.44252,-1.44252,-1.41252,-1.26252,-1.54252,-1.20252,-1.04252,-1.03252,-1.04252,-0.922522,-1.21252,-1.00252,-1.60252,-2.11252,-1.86252,-1.58252,-1.72252,-1.76252,-2.00252,-1.77252,-1.36252,-0.932522,-1.02252,-2.20252,-3.32252,-3.46252,-2.92252,-2.59252,-1.99252,-1.54252,-2.02252,-2.33252,-2.60252,-2.45252,-2.30252,-2.28252,-2.55252,-3.09252,-3.52252,-3.70252,-3.96252,-3.63252,-3.37252,-3.68252,-4.03252,-3.71252,-2.67252,-0.912522,-2.33252,-1.84252,-2.07252,-1.28252,0.747478,2.85748,3.39748,3.20748,2.90748,2.49748,1.72748,1.10748
-1.30252,-1.42252,-0.722522,0.067478,-0.902522,-1.04252,-0.902522,-0.862522,-0.912522,-1.54252,-1.33252,-1.31252,-1.21252,-1.31252,-1.43252,-1.43252,-1.55252,-1.77252,-2.06252,-2.20252,-2.38252,-2.48252,-2.26252,-2.16252,-1.89252,-1.94252,-1.97252,-2.36252,-2.87252,-2.96252,-2.77252,-2.31252,-2.36252,-2.26252,-1.76252,-1.87252,-1.67252,-2.32252,-3.05252,-3.05252,-2.20252,-2.13252,-2.34252,-2.57252,-3.11252,-2.80252,-2.57252,-1.51252,-1.36252,-0.872522,-1.78252,-1.73252,-1.68252,-2.28252,-1.63252,-1.50252,0.837478,2.45748,2.96748,2.53748,2.67748,2.41748,1.66748,-0.062522
-0.432522,0.087478,0.127478,0.107478,0.067478,-0.252522,-1.17252,-1.31252,-1.56252,-1.56252,-1.67252,-1.63252,-1.92252,-1.48252,-1.22252,-1.96252,-2.06252,-1.77252,-1.86252,-2.40252,-2.74252,-2.65252,-2.45252,-1.97252,-1.78252,-2.00252,-2.68252,-3.19252,-3.41252,-3.73252,-3.84252,-2.99252,-2.27252,-2.47252,-3.27252,-2.65252,-2.27252,-2.63252,-2.60252,-2.39252,-1.81252,-1.49252,-1.79252,-2.36252,-2.53252,-1.57252,-1.05252,-1.44252,-1.08252,-0.902522,-0.962522,-1.49252,-2.04252,-1.97252,-1.39252,-0.362522,0.887478,2.58748,3.14748,2.60748,2.21748,2.61748,1.92748,1.17748
1.56748,1.39748,1.19748,0.437478,-0.052522,-0.042522,-0.472522,-0.872522,-1.54252,-1.55252,-1.81252,-1.65252,-1.88252,-2.20252,-1.70252,-1.01252,-1.39252,-2.20252,-2.07252,-2.34252,-2.49252,-2.46252,-2.13252,-2.18252,-2.29252,-2.25252,-2.41252,-2.47252,-2.59252,-2.53252,-2.88252,-3.04252,-3.28252,-3.33252,-2.45252,-2.47252,-2.22252,-2.76252,-2.02252,-1.27252,-1.28252,-1.12252,-1.35252,-1.40252,-1.44252,-0.472522,-0.432522,-1.22252,-1.47252,-1.68252,-1.16252,-1.50252,-0.582522,-0.552522,-0.632522,-0.202522,1.11748,2.67748,3.05748,2.38748,1.79748,1.10748,0.997478,-0.102522
1.62748,1.42748,1.06748,0.987478,1.09748,0.977478,-0.412522,-0.952522,-1.21252,-1.48252,-2.41252,-2.30252,-2.40252,-1.57252,-1.83252,-1.92252,-1.64252,-1.72252,-1.88252,-1.40252,-1.96252,-2.28252,-2.21252,-2.38252,-2.07252,-1.95252,-2.26252,-2.89252,-2.93252,-2.97252,-3.04252,-3.45252,-2.79252,-2.48252,-2.33252,-2.05252,-1.67252,-0.882522,-0.232522,-0.372522,0.197478,0.827478,-0.442522,-1.17252,-0.852522,-0.362522,-0.722522,-1.08252,-1.46252,-1.37252,-0.872522,-0.882522,-0.742522,-0.602522,-0.782522,-0.102522,1.39748,2.86748,3.16748,2.28748,1.18748,0.067478,-0.262522,-0.652522
1.14748,1.66748,1.53748,1.31748,0.697478,0.457478,1.28748,-0.652522,-1.01252,-2.12252,-2.60252,-2.89252,-3.29252,-2.52252,-1.71252,-1.78252,-1.99252,-1.82252,-1.43252,-1.46252,-1.76252,-1.98252,-2.30252,-3.15252,-3.00252,-2.63252,-2.79252,-2.54252,-2.65252,-2.13252,-1.84252,-0.662522,-1.57252,-1.80252,-2.19252,-0.862522,-0.532522,-1.11252,-1.33252,-1.31252,0.697478,0.117478,-0.202522,-1.21252,-0.392522,0.047478,-0.592522,-1.30252,-1.08252,-1.60252,-1.45252,-1.03252,-0.822522,-0.082522,0.297478,1.04748,2.05748,3.02748,3.01748,2.53748,1.55748,-0.282522,-1.02252,-1.52252
0.417478,1.15748,1.58748,1.34748,0.907478,0.037478,0.047478,0.217478,-0.762522,-2.08252,-2.84252,-3.15252,-3.10252,-2.73252,-1.54252,-0.612522,-0.552522,-0.802522,-0.882522,-1.79252,-1.63252,-0.972522,-0.822522,-1.13252,-1.82252,-2.40252,-1.59252,-1.53252,-1.32252,-1.26252,-1.14252,-1.00252,-1.34252,-1.74252,-1.36252,-0.752522,-0.852522,0.027478,-0.122522,0.657478,1.09748,0.677478,-1.01252,-0.552522,-0.022522,-0.162522,-0.622522,-1.33252,-1.09252,-0.242522,-1.12252,-0.672522,-0.112522,0.427478,1.39748,2.13748,2.20748,2.58748,2.91748,2.15748,1.64748,0.787478,-0.732522,-1.67252
-0.402522,0.887478,1.25748,1.01748,0.667478,0.277478,-0.662522,-1.58252,-0.412522,-0.632522,-1.37252,-1.27252,-1.71252,-1.20252,0.057478,0.357478,0.167478,-0.422522,-0.332522,0.207478,0.207478,0.287478,-0.152522,-0.862522,-1.16252,-1.12252,-0.502522,-0.632522,-0.702522,-0.412522,-1.41252,-1.70252,-1.37252,-0.252522,0.397478,-0.762522,0.127478,0.327478,1.81748,1.01748,0.237478,-0.372522,-0.812522,-0.972522,-0.472522,-0.072522,-0.642522,-1.75252,-1.58252,-0.542522,-0.762522,-0.412522,0.787478,1.44748,2.11748,2.30748,2.24748,3.09748,2.35748,1.47748,1.10748,0.937478,0.677478,-1.36252
-2.09252,-0.292522,0.207478,0.327478,-0.062522,-0.372522,-0.962522,-0.702522,-1.29252,1.11748,2.48748,0.877478,-0.202522,-0.942522,-0.632522,-0.622522,-0.422522,0.697478,2.02748,2.21748,1.76748,1.71748,0.767478,-0.122522,-0.532522,-0.732522,-0.202522,0.127478,0.197478,-0.612522,-0.632522,0.927478,1.00748,0.637478,0.447478,0.537478,1.34748,1.42748,0.877478,0.837478,0.00747803,-1.28252,-0.782522,-1.22252,-0.642522,-0.292522,-0.162522,-0.572522,-0.012522,-0.372522,-0.522522,0.517478,1.43748,2.07748,1.77748,1.73748,2.22748,1.57748,1.40748,1.09748,0.247478,-0.142522,-0.102522,0.667478
