data.js
{"header": {"parameterUnit":"m.s-1","parameterNumber":3,"parameterCategory":2,"parameterNumberName":"V-component_of_wind","dx":1,"dy":1,"la1":90,"la2":-90,"lo1":0,"lo2":359,"nx":360,"ny":181,"refTime":"2017-11-04T13:00:00.000Z\n"}, "data":
[rows 28 to 55 of 181, columns 0 to 63 of 360]
4.45748,4.46748,3.95748,3.58748,2.43748,5.63748,2.02748,4.73748,3.47748,2.21748,3.15748,2.66748,2.55748,1.83748,1.87748,1.61748,1.24748,0.677478,2.81748,3.58748,4.26748,5.24748,2.39748,2.38748,2.53748,2.71748,3.15748,3.08748,2.82748,3.03748,2.80748,3.68748,3.07748,3.39748,2.57748,5.68748,4.53748,3.33748,2.97748,3.23748,3.41748,3.12748,2.94748,3.17748,2.48748,2.61748,2.71748,3.03748,2.48748,2.13748,2.30748,2.58748,2.56748,2.48748,2.26748,2.57748,2.99748,3.13748,3.03748,2.63748,1.72748,2.37748,2.26748,2.00748
4.25748,3.96748,3.25748,3.46748,2.88748,7.74748,2.31748,3.75748,3.10748,1.57748,1.38748,1.10748,1.88748,2.58748,2.67748,2.63748,2.60748,2.38748,5.12748,5.15748,5.05748,4.97748,2.49748,2.31748,2.26748,2.44748,2.53748,2.49748,2.55748,2.44748,4.04748,7.43748,8.60748,4.60748,3.73748,3.59748,4.78748,2.79748,3.19748,3.14748,3.16748,2.96748,2.21748,2.13748,2.25748,2.07748,1.95748,2.31748,2.52748,2.56748,2.59748,2.76748,2.50748,2.40748,2.70748,2.85748,2.84748,2.86748,2.74748,2.03748,2.00748,2.63748,2.73748,2.60748
3.42748,2.51748,2.26748,2.21748,4.16748,12.3875,4.65748,4.85748,5.28748,1.36748,1.70748,3.13748,3.43748,2.90748,2.90748,2.66748,2.36748,2.62748,2.61748,5.08748,6.17748,5.33748,4.15748,3.10748,3.31748,5.80748,7.26748,7.52748,7.07748,6.25748,5.47748,3.74748,3.52748,3.55748,3.22748,2.42748,2.58748,2.91748,2.79748,2.37748,2.70748,2.68748,2.77748,2.81748,2.70748,2.46748,2.44748,2.44748,2.44748,2.38748,2.32748,2.47748,2.31748,2.41748,2.33748,2.68748,2.79748,2.67748,2.76748,2.15748,1.92748,2.37748,2.48748,2.40748
1.22748,0.377478,-0.232522,3.12748,8.35748,8.09748,5.07748,4.29748,4.09748,2.53748,3.93748,5.97748,3.32748,5.94748,5.38748,2.69748,2.78748,2.43748,4.00748,5.91748,6.28748,6.33748,5.59748,5.03748,3.12748,3.17748,3.32748,3.71748,3.68748,3.23748,3.24748,3.45748,3.44748,2.58748,2.24748,2.48748,2.94748,2.71748,3.60748,2.74748,3.03748,2.39748,2.50748,2.14748,2.08748,2.04748,1.99748,1.98748,1.93748,2.10748,2.05748,2.18748,2.32748,2.05748,1.78748,1.65748,1.98748,2.04748,2.10748,1.72748,1.88748,2.03748,2.24748,2.20748
-1.30252,-2.19252,0.437478,5.83748,5.87748,6.15748,4.69748,3.24748,5.60748,8.25748,9.53748,8.83748,3.79748,3.56748,3.11748,2.62748,2.50748,6.38748,7.60748,5.71748,6.94748,6.26748,6.56748,7.77748,7.79748,3.49748,3.44748,2.88748,4.05748,2.92748,2.80748,2.88748,2.25748,2.11748,2.07748,2.42748,2.60748,3.19748,2.83748,2.29748,2.05748,2.29748,1.77748,1.59748,1.66748,1.34748,1.48748,1.47748,1.53748,1.57748,2.02748,2.20748,1.88748,1.49748,1.50748,1.88748,1.64748,1.78748,1.93748,1.83748,1.76748,1.79748,2.05748,2.19748
-3.51252,-0.982522,4.22748,4.00748,2.36748,6.21748,7.56748,7.31748,8.09748,6.93748,5.38748,8.74748,8.03748,3.43748,3.57748,3.55748,2.89748,5.45748,6.05748,6.51748,7.50748,7.35748,3.29748,3.63748,4.90748,3.39748,3.24748,3.19748,3.27748,2.55748,1.80748,2.26748,1.78748,1.53748,1.66748,2.11748,2.60748,2.12748,2.07748,1.56748,1.62748,1.13748,0.847478,1.13748,0.987478,1.03748,0.847478,1.03748,0.677478,0.547478,0.767478,0.817478,1.13748,1.32748,1.97748,2.37748,1.91748,2.58748,1.72748,1.75748,1.58748,1.78748,1.99748,2.51748
-2.69252,-0.042522,-0.442522,0.117478,7.26748,6.96748,11.4475,11.7775,10.3375,6.31748,5.28748,8.35748,5.84748,4.38748,3.82748,5.63748,5.52748,6.75748,7.96748,7.52748,6.84748,5.68748,4.32748,4.00748,4.30748,4.11748,2.76748,2.62748,2.45748,1.99748,1.26748,1.19748,1.25748,1.49748,1.83748,2.42748,2.19748,1.29748,0.977478,0.767478,0.437478,-0.112522,0.027478,0.427478,0.417478,0.587478,0.557478,-0.00252197,-0.132522,-0.062522,0.00747803,0.377478,0.567478,1.07748,1.60748,2.12748,2.46748,1.53748,1.88748,1.43748,1.19748,2.47748,2.93748,2.61748
-3.92252,-2.21252,-5.64252,6.77748,9.17748,12.2775,11.0675,10.5875,10.0875,5.37748,6.11748,6.70748,5.21748,6.96748,7.50748,5.87748,7.99748,6.90748,5.33748,7.79748,7.18748,4.68748,3.80748,3.54748,2.80748,3.38748,2.27748,2.74748,1.86748,1.48748,1.10748,1.75748,2.01748,2.33748,1.80748,1.22748,0.797478,0.307478,-0.232522,-0.642522,-0.512522,-0.532522,-0.332522,-0.092522,-0.032522,-0.452522,-0.872522,-0.782522,-1.69252,-1.90252,-1.28252,-0.562522,0.217478,1.09748,1.88748,2.62748,2.58748,0.607478,0.587478,1.11748,2.64748,3.30748,3.42748,3.42748
-2.50252,-5.60252,-1.51252,11.3275,11.2975,10.9075,9.97748,9.31748,8.34748,5.07748,3.93748,5.35748,4.58748,4.72748,5.00748,5.14748,5.10748,4.30748,3.90748,5.06748,4.55748,4.25748,3.99748,2.81748,2.34748,2.88748,1.97748,1.66748,1.07748,1.33748,2.33748,2.41748,1.68748,0.997478,0.227478,0.077478,-0.702522,-0.892522,-1.14252,-1.46252,-1.63252,-1.17252,-0.822522,-0.212522,-0.00252197,-0.082522,-0.762522,-1.92252,-2.51252,-2.77252,-1.17252,-0.622522,0.407478,1.21748,2.42748,2.59748,3.74748,1.65748,1.13748,4.37748,4.79748,3.86748,3.74748,3.65748
-2.64252,-6.56252,7.56748,10.0475,11.9975,9.15748,5.53748,5.37748,5.21748,4.63748,3.52748,3.58748,4.28748,3.84748,4.08748,4.86748,3.38748,3.99748,4.36748,4.90748,4.66748,4.25748,3.90748,3.75748,2.95748,2.54748,1.39748,0.457478,0.717478,2.03748,1.65748,0.917478,-0.292522,-0.862522,-0.852522,-1.48252,-1.77252,-2.02252,-2.22252,-2.09252,-1.30252,-0.882522,-0.762522,-1.42252,-1.24252,-1.04252,-1.44252,-1.76252,-2.03252,-1.42252,-0.492522,0.337478,1.08748,2.15748,2.68748,3.48748,3.00748,2.13748,3.59748,5.43748,5.31748,5.25748,4.18748,3.90748
-5.27252,1.24748,9.56748,9.87748,9.14748,6.04748,6.09748,5.87748,4.46748,4.83748,4.99748,3.66748,4.80748,4.09748,3.42748,3.55748,3.36748,5.64748,4.63748,5.07748,4.81748,4.19748,4.21748,3.65748,2.99748,2.42748,0.597478,0.107478,0.957478,1.41748,0.737478,-0.742522,-1.04252,-1.89252,-2.07252,-1.61252,-1.58252,-1.83252,-2.20252,-2.43252,-2.06252,-2.54252,-2.73252,-2.15252,-1.02252,-0.632522,-1.77252,-2.13252,-2.31252,-1.19252,0.727478,2.27748,2.65748,2.71748,2.93748,3.25748,3.67748,4.37748,4.03748,6.50748,7.50748,6.60748,5.47748,4.73748
-3.63252,0.787478,7.45748,6.29748,7.39748,7.22748,6.51748,4.68748,4.34748,4.27748,4.30748,4.03748,4.18748,4.18748,5.70748,6.46748,5.15748,4.50748,6.45748,5.40748,3.64748,3.17748,4.28748,3.99748,2.85748,2.49748,0.987478,-0.012522,0.017478,0.047478,-0.062522,-2.00252,-2.39252,-1.81252,-1.86252,-2.04252,-2.77252,-2.88252,-2.99252,-2.67252,-2.56252,-2.49252,-2.67252,-1.90252,-1.33252,-1.09252,0.117478,0.967478,1.28748,1.90748,3.15748,3.60748,4.07748,4.56748,4.85748,4.89748,5.23748,5.50748,5.70748,5.00748,7.07748,6.61748,4.89748,4.13748
-4.27252,1.44748,3.67748,8.12748,8.84748,5.97748,5.31748,3.81748,3.89748,3.26748,2.83748,2.86748,2.95748,2.43748,2.06748,3.20748,6.26748,5.15748,7.75748,3.06748,1.99748,2.49748,4.96748,3.15748,2.92748,1.88748,1.11748,-0.422522,-0.772522,-0.512522,-0.852522,-1.23252,-2.26252,-0.712522,-2.61252,-2.56252,-2.36252,-2.83252,-3.07252,-2.84252,-2.24252,-1.04252,0.067478,-0.422522,1.03748,1.75748,3.06748,3.74748,3.47748,3.72748,4.03748,4.31748,4.69748,4.56748,4.66748,4.69748,4.25748,4.51748,4.58748,5.31748,6.23748,6.21748,3.96748,3.03748
1.38748,4.15748,4.24748,6.28748,7.13748,6.18748,5.26748,4.29748,4.12748,1.62748,2.23748,2.96748,2.49748,2.34748,1.69748,2.19748,4.39748,7.31748,4.35748,3.70748,2.82748,3.35748,3.54748,2.71748,1.13748,1.81748,1.14748,-0.182522,-1.47252,-1.39252,-1.38252,-1.62252,-2.01252,-2.08252,-3.52252,-3.36252,-2.10252,-1.72252,-1.45252,-1.35252,-0.452522,-0.362522,0.557478,1.00748,1.90748,3.13748,3.41748,3.54748,4.20748,4.49748,4.89748,4.67748,4.81748,4.80748,4.48748,3.95748,3.60748,3.47748,3.53748,3.36748,4.32748,3.50748,3.46748,1.80748
2.53748,3.37748,3.78748,5.13748,4.98748,4.64748,4.48748,2.78748,3.00748,2.95748,2.84748,0.617478,1.12748,-0.282522,-0.892522,0.237478,1.96748,7.94748,5.84748,3.53748,2.47748,2.35748,1.39748,1.68748,0.987478,0.507478,1.17748,-0.472522,-1.68252,-1.81252,-2.75252,-3.35252,-3.45252,-3.62252,-3.76252,-3.60252,-3.04252,-2.39252,-1.51252,-1.22252,-0.832522,-0.612522,0.057478,1.88748,2.26748,2.93748,3.16748,3.86748,4.06748,4.28748,4.76748,5.64748,5.49748,5.20748,4.70748,3.92748,3.22748,3.01748,2.89748,2.44748,2.20748,2.36748,2.90748,1.42748
2.24748,3.27748,2.60748,2.20748,1.76748,5.33748,4.02748,3.47748,-0.702522,2.15748,1.66748,3.77748,3.34748,3.62748,2.39748,1.43748,3.31748,6.10748,5.67748,4.58748,2.11748,1.23748,1.11748,-0.512522,1.89748,0.377478,1.01748,-1.02252,-2.44252,-2.69252,-2.54252,-3.17252,-2.67252,-2.98252,-3.33252,-3.19252,-2.63252,-0.662522,0.387478,-0.232522,0.187478,0.407478,0.787478,1.63748,2.67748,3.18748,3.10748,3.26748,3.02748,4.36748,4.93748,5.31748,5.34748,4.60748,4.29748,4.12748,3.85748,2.84748,2.43748,2.67748,2.96748,2.54748,2.01748,1.35748
3.04748,1.58748,2.15748,2.64748,4.23748,6.00748,1.55748,1.46748,2.27748,0.657478,1.89748,2.90748,1.77748,0.637478,1.23748,1.22748,2.01748,2.79748,4.13748,2.90748,1.78748,2.61748,1.46748,-0.462522,-1.50252,0.027478,0.427478,-1.77252,-3.30252,-3.26252,-3.18252,-3.92252,-3.45252,-2.08252,-2.08252,0.337478,-1.45252,-1.04252,-0.882522,0.087478,0.057478,-0.072522,-0.352522,1.24748,1.48748,1.33748,1.86748,3.67748,3.93748,3.13748,2.68748,3.22748,3.24748,3.67748,4.09748,3.07748,2.98748,3.05748,3.07748,3.82748,3.32748,1.46748,1.16748,0.957478
1.28748,1.10748,1.49748,3.01748,3.44748,6.58748,2.86748,1.41748,-1.82252,-1.41252,-1.48252,-1.06252,-0.662522,3.06748,2.70748,0.587478,0.037478,0.447478,0.957478,1.49748,1.61748,2.84748,1.97748,1.86748,1.63748,1.28748,1.38748,-2.78252,-4.01252,-3.28252,-5.57252,-6.23252,-6.24252,-4.35252,-1.83252,-1.16252,-1.17252,-0.572522,-0.632522,-0.762522,-0.352522,-1.61252,-2.12252,-0.902522,0.317478,0.057478,1.33748,2.81748,3.05748,2.64748,0.767478,2.07748,2.81748,2.46748,3.30748,3.41748,3.17748,3.12748,4.04748,4.46748,3.48748,2.42748,1.31748,1.06748
1.21748,2.09748,3.98748,4.67748,2.87748,4.88748,3.86748,2.69748,-0.152522,0.857478,2.01748,2.38748,-0.082522,0.117478,3.39748,2.86748,1.85748,1.03748,0.757478,1.46748,1.28748,1.76748,-0.102522,-0.022522,1.29748,0.827478,-1.82252,-3.07252,-3.77252,-6.12252,-6.98252,-7.04252,-8.17252,1.94748,1.00748,-0.012522,-0.642522,-0.682522,-1.71252,1.40748,0.377478,-1.86252,-2.27252,-1.91252,-2.27252,-2.01252,0.387478,2.09748,2.92748,4.07748,4.88748,3.80748,4.37748,4.03748,3.69748,3.61748,3.12748,2.06748,1.92748,0.907478,0.847478,1.42748,1.12748,0.507478
0.237478,-2.19252,-0.722522,4.02748,5.09748,4.79748,-0.432522,-2.25252,-2.03252,0.367478,7.53748,2.50748,1.96748,-0.232522,3.20748,2.70748,2.68748,1.01748,1.00748,-0.402522,0.827478,-0.082522,-1.21252,-0.542522,-1.67252,-1.84252,-2.19252,-4.23252,-4.98252,-7.88252,-6.31252,-6.94252,-4.18252,1.63748,2.12748,-0.332522,-1.54252,-1.55252,-2.65252,0.017478,-0.182522,0.327478,0.937478,1.56748,-1.52252,-1.91252,-1.65252,-2.69252,-0.062522,2.92748,4.59748,3.00748,3.01748,3.19748,3.18748,3.75748,3.00748,1.34748,1.32748,0.917478,0.627478,0.027478,-0.292522,-0.312522
1.55748,0.787478,0.647478,4.09748,3.53748,2.30748,2.95748,5.75748,3.22748,0.957478,7.24748,5.27748,2.60748,0.807478,-0.122522,0.227478,-0.582522,-0.662522,0.467478,-1.27252,-2.03252,-0.792522,-0.522522,-2.73252,-1.62252,-1.87252,-3.39252,-5.04252,-6.51252,-7.33252,-5.63252,-3.93252,0.157478,-2.16252,-2.23252,-1.91252,-2.34252,-2.67252,-4.02252,-2.80252,-1.65252,0.157478,-0.692522,-1.64252,-1.00252,-0.172522,1.39748,0.187478,-2.90252,0.277478,6.39748,5.69748,4.29748,4.69748,4.01748,2.80748,2.25748,1.84748,0.787478,0.477478,0.457478,-0.162522,-0.052522,-0.132522
-1.88252,2.77748,-1.72252,1.76748,2.80748,4.74748,8.12748,5.27748,-0.012522,-0.552522,8.13748,6.00748,2.79748,1.31748,1.74748,-0.722522,-1.75252,-2.72252,-3.49252,-5.24252,-0.322522,-0.642522,-1.02252,-0.932522,1.77748,-4.10252,-5.14252,-4.81252,-7.33252,-3.54252,-0.542522,-1.88252,-1.26252,-0.682522,0.877478,-0.342522,-1.35252,-2.22252,-2.52252,-1.71252,-3.93252,-1.12252,-0.292522,1.73748,2.55748,-1.78252,-0.552522,-1.37252,0.857478,-2.86252,10.3075,4.70748,2.10748,2.55748,3.97748,2.36748,1.79748,1.22748,1.29748,1.19748,0.587478,-0.00252197,-0.632522,-0.752522
2.94748,2.68748,0.147478,-1.45252,1.37748,4.67748,6.10748,8.90748,4.35748,2.56748,5.75748,5.27748,2.67748,-0.232522,0.637478,2.68748,0.317478,-1.24252,-5.17252,-6.64252,0.867478,-0.982522,-0.092522,-3.30252,-4.05252,-6.02252,-6.81252,-2.98252,-3.20252,-1.71252,-1.02252,-1.61252,-1.92252,-0.172522,-2.03252,-0.492522,-0.962522,3.63748,1.74748,1.13748,1.11748,2.90748,2.74748,3.08748,-1.39252,2.26748,0.957478,-2.05252,-1.11252,0.747478,2.93748,4.99748,2.16748,-0.592522,1.94748,2.23748,-0.562522,0.117478,0.697478,1.30748,0.807478,-0.052522,-1.23252,-3.14252
-2.11252,0.887478,2.01748,-0.482522,3.67748,7.26748,8.19748,7.82748,6.46748,1.03748,2.62748,3.69748,2.49748,1.27748,0.897478,0.537478,-0.382522,-3.83252,-6.90252,-6.84252,-0.782522,-1.45252,-2.40252,-2.40252,-5.10252,-6.57252,-3.46252,-3.02252,-3.05252,-2.32252,-1.99252,-2.15252,-2.27252,1.63748,0.957478,0.377478,1.36748,5.44748,2.76748,0.597478,2.04748,2.80748,3.22748,1.67748,1.43748,-0.282522,0.197478,-2.08252,-1.36252,-1.55252,0.907478,3.61748,2.01748,-2.75252,-4.53252,-5.80252,-2.50252,2.42748,1.89748,1.82748,0.717478,-0.212522,-1.25252,-2.27252
3.47748,6.32748,3.76748,0.467478,1.29748,4.39748,3.62748,4.03748,2.43748,2.83748,3.52748,2.98748,1.61748,-0.472522,-1.99252,0.707478,1.70748,-6.05252,-6.66252,-7.69252,-5.12252,-4.10252,-1.48252,-4.29252,-6.80252,-7.01252,-4.60252,-1.42252,-1.14252,-1.51252,2.16748,1.75748,2.55748,2.35748,1.93748,2.75748,4.84748,3.23748,3.53748,2.76748,0.397478,0.297478,0.787478,2.30748,2.71748,-0.072522,1.83748,2.21748,3.76748,-1.31252,2.48748,0.447478,-2.72252,-6.32252,-6.11252,-4.86252,-2.72252,2.72748,-0.872522,3.46748,1.16748,0.157478,-0.592522,-0.222522
6.41748,5.61748,1.43748,-1.53252,-1.23252,-4.60252,-4.54252,-0.092522,-1.13252,1.17748,1.53748,2.40748,3.19748,3.68748,3.67748,-0.732522,0.167478,-3.40252,-5.56252,-6.70252,-6.47252,-5.68252,-0.592522,-5.07252,-6.81252,-6.64252,-6.62252,1.57748,2.63748,2.65748,0.907478,2.04748,2.30748,5.55748,4.14748,0.287478,1.52748,3.38748,1.88748,2.29748,0.997478,0.00747803,0.187478,0.877478,1.85748,0.987478,3.05748,4.62748,4.51748,3.72748,1.07748,-1.04252,-1.55252,-2.60252,-2.66252,-2.67252,1.50748,-0.312522,2.68748,2.59748,2.48748,0.787478,-2.47252,-2.25252
1.17748,1.14748,0.227478,4.54748,4.34748,4.26748,2.89748,0.267478,1.41748,1.20748,2.17748,-0.102522,1.12748,1.64748,0.997478,-0.00252197,0.527478,-0.802522,-3.17252,-4.86252,-6.02252,-6.61252,-5.68252,-5.71252,-7.05252,-6.18252,-0.872522,4.08748,3.58748,2.52748,0.427478,-0.062522,2.91748,1.45748,-2.20252,3.14748,0.967478,2.27748,1.73748,2.79748,1.76748,-1.21252,-1.84252,-1.61252,-0.112522,1.11748,3.16748,2.74748,3.93748,1.46748,-0.772522,1.93748,3.09748,-1.03252,1.81748,-2.77252,-2.35252,-0.792522,0.437478,-1.28252,-1.37252,-0.772522,-1.16252,-0.622522
-1.16252,1.42748,5.78748,3.83748,3.33748,4.59748,2.71748,3.26748,2.39748,1.78748,0.147478,-0.602522,-0.342522,0.757478,0.357478,0.467478,0.397478,-0.282522,-1.38252,-3.82252,-5.37252,-6.40252,-6.20252,-6.50252,-2.77252,-0.312522,0.447478,3.41748,4.86748,4.78748,3.38748,1.83748,2.44748,-0.262522,5.31748,1.35748,3.70748,0.497478,4.95748,3.20748,0.957478,-0.792522,-2.50252,-3.20252,-2.01252,3.41748,3.49748,2.97748,2.03748,-0.142522,0.607478,0.617478,0.327478,-1.54252,0.527478,-1.62252,0.617478,1.05748,-0.712522,1.30748,0.917478,-3.49252,-2.53252,-3.00252
