data.js
{"header": {"parameterUnit":"m.s-1","parameterNumber":2,"parameterCategory":2,"parameterNumberName":"U-component_of_wind","dx":1,"dy":1,"la1":90,"la2":-90,"lo1":0,"lo2":359,"nx":360,"ny":181,"refTime":"2017-11-04T13:00:00.000Z\n"}, "data":
[rows 112 to 139 of 181, columns 189 to 251 of 360]
-7.70608,-7.99608,-7.79608,-7.84608,-7.82608,-7.86608,-8.29608,-8.26608,-8.09608,-8.02608,-7.84608,-8.65608,-8.09608,-10.1661,-10.1561,-4.89608,-9.07608,-8.84608,-8.69608,-8.20608,-7.63608,-7.87608,-7.92608,-7.27608,-6.21608,-6.58608,-6.86608,-3.93608,-5.20608,-4.89608,-4.35608,-2.30608,-2.76608,-2.51608,-1.79608,-1.39608,-0.396079,-0.0460791,0.343921,0.143921,0.583921,0.983921,0.403921,0.443921,0.793921,0.493921,1.10392,1.46392,0.543921,0.453921,1.07392,1.46392,1.29392,0.593921,-0.506079,-0.0860791,-1.30608,-0.926079,-1.46608,-2.15608,-1.85608,-2.25608,-2.37608
-7.95608,-7.87608,-7.80608,-7.98608,-8.37608,-8.52608,-8.78608,-8.89608,-8.71608,-8.30608,-8.44608,-8.38608,-8.61608,-7.90608,-10.4361,-9.20608,-9.03608,-8.89608,-7.79608,-6.38608,-6.67608,-6.44608,-6.90608,-7.12608,-5.73608,-5.69608,-5.95608,-5.69608,-6.06608,-6.03608,-6.02608,-5.64608,-5.71608,-5.39608,-5.16608,-4.74608,-4.49608,-4.14608,-3.49608,-2.19608,-0.196079,2.29392,2.64392,2.55392,2.80392,2.74392,3.00392,2.90392,3.00392,3.46392,2.90392,2.95392,3.17392,2.78392,2.68392,2.32392,1.99392,0.833921,0.593921,0.173921,-0.946079,-0.756079,-0.706079
-7.38608,-7.46608,-7.64608,-8.01608,-8.16608,-8.43608,-8.75608,-8.54608,-7.88608,-7.66608,-7.90608,-8.03608,-8.29608,-8.34608,-9.23608,-8.29608,-8.15608,-7.93608,-6.53608,-6.00608,-5.78608,-5.74608,-5.61608,-5.64608,-4.90608,-4.63608,-4.47608,-4.43608,-4.52608,-4.26608,-3.96608,-3.89608,-3.92608,-4.02608,-3.43608,-2.79608,-2.41608,-2.63608,-2.09608,-2.30608,-1.78608,-1.60608,-1.70608,-1.27608,0.593921,2.34392,2.90392,4.57392,5.06392,5.09392,5.54392,5.18392,4.57392,4.73392,4.39392,3.78392,3.86392,3.83392,2.49392,1.96392,1.53392,0.963921,0.553921
-7.04608,-7.00608,-6.64608,-6.95608,-8.56608,-9.23608,-8.12608,-7.42608,-6.79608,-6.77608,-6.71608,-7.07608,-7.34608,-7.02608,-7.33608,-7.41608,-6.65608,-6.83608,-5.68608,-4.97608,-5.27608,-4.79608,-5.09608,-4.53608,-4.10608,-3.98608,-3.87608,-3.79608,-3.46608,-2.70608,-1.95608,-1.86608,-1.36608,-1.40608,-1.02608,-0.866079,-0.356079,-0.116079,0.533921,0.843921,1.08392,1.06392,0.843921,0.563921,1.19392,1.68392,2.39392,2.23392,0.383921,2.77392,7.06392,6.68392,6.73392,6.47392,6.08392,5.84392,5.18392,5.39392,4.96392,3.58392,3.65392,3.20392,2.48392
-7.52608,-8.31608,-8.96608,-8.67608,-8.26608,-7.96608,-6.92608,-6.39608,-6.05608,-5.17608,-4.66608,-5.23608,-5.69608,-5.80608,-5.82608,-5.33608,-4.75608,-4.40608,-3.52608,-3.27608,-3.21608,-2.82608,-3.26608,-2.89608,-2.55608,-2.34608,-1.60608,-1.64608,-2.07608,-1.96608,-1.63608,-1.05608,0.143921,0.533921,1.58392,2.36392,2.85392,2.75392,2.70392,3.02392,3.44392,3.45392,3.52392,4.10392,4.89392,5.32392,5.34392,5.05392,4.31392,4.21392,4.43392,4.33392,8.13392,7.15392,6.90392,6.87392,6.75392,6.44392,5.78392,5.28392,4.65392,4.62392,4.32392
-8.92608,-8.77608,-8.26608,-7.61608,-6.90608,-6.36608,-5.46608,-5.36608,-7.03608,-6.71608,-6.15608,-6.69608,-6.65608,-5.86608,-4.36608,-3.86608,-2.99608,-2.13608,-1.82608,-2.61608,-3.65608,-4.46608,-3.80608,-2.23608,-2.00608,-1.64608,-1.65608,-2.43608,-2.10608,-1.76608,-1.59608,-1.18608,-1.13608,-1.69608,-1.66608,-0.546079,0.183921,1.35392,2.01392,2.71392,2.70392,2.90392,3.81392,4.77392,5.76392,6.11392,6.50392,6.94392,6.87392,6.86392,6.67392,6.76392,6.80392,6.28392,8.11392,9.01392,7.52392,7.43392,6.60392,6.23392,6.32392,5.85392,5.34392
-6.87608,-7.25608,-7.08608,-6.60608,-5.69608,-5.00608,-6.51608,-7.60608,-7.48608,-6.20608,-5.65608,-4.92608,-5.00608,-4.55608,-4.43608,-4.75608,-5.18608,-4.95608,-4.77608,-4.29608,-3.23608,-1.84608,-0.426079,-0.116079,-0.766079,-0.916079,-1.07608,-1.60608,-1.19608,0.103921,1.01392,1.44392,2.03392,2.48392,2.82392,3.06392,3.72392,3.84392,4.04392,4.42392,4.68392,5.26392,5.86392,6.22392,6.33392,6.63392,7.15392,7.98392,8.68392,8.50392,8.27392,7.92392,8.51392,9.13392,8.47392,6.61392,8.11392,9.69392,7.90392,7.38392,7.33392,7.15392,6.71392
-6.30608,-6.41608,-6.30608,-5.51608,-4.47608,-5.94608,-6.86608,-6.84608,-5.83608,-5.70608,-5.93608,-5.44608,-5.54608,-5.28608,-5.26608,-4.85608,-3.93608,-2.77608,-1.65608,-1.40608,-2.14608,-1.19608,-0.0860791,0.263921,0.273921,-0.0860791,0.373921,0.623921,1.67392,1.88392,2.16392,2.41392,2.63392,3.03392,3.52392,3.76392,3.91392,4.20392,4.85392,5.47392,6.12392,6.88392,7.74392,8.53392,9.00392,9.15392,9.28392,9.57392,9.96392,9.60392,8.93392,9.15392,10.0039,10.1339,10.2539,9.44392,9.32392,7.68392,8.92392,10.2439,8.71392,8.28392,7.85392
-5.83608,-6.20608,-5.39608,-3.65608,-5.17608,-6.51608,-6.91608,-6.12608,-4.59608,-4.86608,-5.32608,-4.69608,-4.18608,-4.37608,-4.21608,-3.84608,-3.05608,-2.46608,-2.27608,-2.40608,-1.85608,-0.206079,0.753921,1.34392,-0.506079,0.123921,0.943921,2.00392,2.26392,1.84392,2.28392,2.70392,3.58392,3.69392,4.15392,4.68392,5.41392,6.04392,6.58392,7.10392,7.38392,8.06392,9.04392,9.60392,10.2139,10.4239,10.2839,10.5339,10.9939,11.4339,11.7639,11.5239,11.2039,11.3439,11.2739,10.7739,9.81392,9.12392,8.78392,8.34392,9.15392,11.0239,9.68392
-4.83608,-5.00608,-4.09608,-3.40608,-5.74608,-6.09608,-6.77608,-5.17608,-4.47608,-5.16608,-5.31608,-5.09608,-4.63608,-4.37608,-3.94608,-3.23608,-2.42608,-2.03608,-1.32608,-0.556079,0.0439209,0.783921,1.63392,2.29392,2.08392,1.96392,2.63392,2.84392,2.85392,3.27392,3.72392,3.85392,3.97392,4.22392,4.72392,5.59392,6.35392,6.91392,7.43392,8.03392,8.53392,9.35392,10.0539,10.6939,11.3539,11.7639,11.7339,12.1339,12.6439,12.6939,12.9139,12.9739,12.7839,13.0639,11.1939,10.8039,10.7039,10.2239,9.67392,9.30392,8.53392,7.78392,8.05392
-3.56608,-4.03608,-3.45608,-4.06608,-4.20608,-5.88608,-5.23608,-4.61608,-4.54608,-4.73608,-5.08608,-4.56608,-4.08608,-4.02608,-3.75608,-3.56608,-3.27608,-2.05608,-0.526079,0.243921,0.743921,0.973921,2.17392,2.45392,2.63392,3.10392,3.50392,3.53392,3.67392,4.18392,4.52392,4.75392,5.03392,5.64392,6.23392,6.73392,7.32392,7.85392,8.38392,9.22392,10.0639,10.6939,11.1939,11.4039,12.2039,12.7739,13.2739,13.7639,14.0539,14.0939,14.1339,14.0339,13.9739,13.6139,12.2539,12.0339,11.4139,10.2039,10.5339,10.3339,8.96392,8.27392,8.24392
-2.60608,-2.58608,-2.23608,-3.28608,-3.47608,-1.72608,-3.66608,-3.06608,-3.34608,-3.55608,-3.79608,-3.43608,-2.60608,-2.45608,-2.30608,-2.10608,-2.21608,-2.27608,-0.556079,0.153921,-0.196079,0.253921,1.74392,1.75392,1.91392,2.76392,4.02392,4.15392,4.17392,4.49392,4.88392,4.99392,5.41392,5.89392,6.50392,7.26392,8.01392,8.65392,9.18392,9.71392,10.5039,11.2239,12.2039,12.7239,13.2139,13.5939,14.1439,14.7639,15.2639,15.6039,15.6139,14.9739,14.6139,15.0039,15.0339,13.6739,12.6039,11.7139,11.0339,10.8039,9.60392,9.20392,9.04392
-0.906079,-0.246079,-0.446079,-0.456079,-1.18608,-1.03608,-0.606079,-0.696079,-1.03608,-1.36608,-1.56608,-1.38608,-1.30608,-0.736079,-0.446079,0.0139209,-0.0360791,0.203921,0.663921,1.27392,1.23392,1.33392,2.01392,2.45392,2.85392,3.49392,4.23392,4.32392,4.48392,5.04392,5.49392,5.06392,5.13392,6.10392,7.01392,7.77392,8.49392,9.26392,9.92392,10.5139,10.9239,11.5839,12.4539,13.2539,13.6439,14.4439,15.1639,16.1339,16.3239,16.3739,16.6139,16.8339,16.3139,15.2839,15.6139,15.0439,13.9939,13.0239,11.8139,11.4839,12.0339,11.5639,10.1139
1.12392,0.853921,1.67392,2.13392,1.09392,1.02392,0.493921,1.07392,-0.0960791,-0.126079,1.20392,1.75392,0.173921,0.163921,0.983921,1.32392,1.81392,1.95392,2.40392,2.70392,2.77392,2.86392,2.81392,3.57392,4.00392,4.17392,4.64392,5.00392,5.27392,5.56392,5.68392,5.99392,6.41392,6.91392,7.63392,7.90392,8.63392,9.67392,10.4139,10.6339,11.0139,12.1339,13.2139,13.3739,13.8239,15.1739,15.6539,16.4439,16.4539,17.3639,18.0639,18.2639,17.4139,16.3539,15.6939,14.8039,13.7939,13.3739,12.9739,12.7039,12.6039,11.7039,10.7739
1.99392,2.39392,3.21392,3.55392,3.73392,2.92392,2.66392,1.75392,2.27392,1.83392,2.97392,4.96392,4.56392,1.38392,1.72392,3.27392,3.77392,3.79392,4.04392,3.83392,4.28392,4.41392,4.32392,4.78392,5.17392,5.39392,5.53392,5.68392,6.09392,6.06392,5.91392,6.17392,7.09392,6.89392,8.11392,8.45392,9.14392,10.5139,11.0239,11.4039,12.5639,13.0539,13.4439,14.4639,15.0239,15.6539,16.2939,16.8839,17.3839,17.8339,18.3839,18.8139,18.6839,17.4039,16.9039,16.1339,15.2639,14.2639,12.9239,12.8239,12.6539,11.4539,10.4339
3.79392,3.74392,3.82392,3.86392,4.37392,4.19392,3.78392,3.98392,3.63392,3.59392,4.86392,6.33392,6.22392,3.61392,3.67392,4.68392,5.73392,5.37392,4.95392,4.81392,4.84392,5.40392,5.76392,5.71392,6.34392,6.45392,6.42392,6.69392,6.63392,6.39392,6.55392,6.70392,7.24392,8.11392,8.29392,9.29392,9.87392,11.1639,11.8239,12.6339,13.3039,14.3939,15.0139,15.5839,15.8739,16.2439,16.9739,18.0939,18.4639,18.4739,18.6539,18.9739,19.0039,19.0339,19.8839,19.3539,17.9239,15.8839,14.5539,13.5639,13.0639,11.8239,10.9439
4.98392,5.18392,5.26392,5.65392,6.09392,4.66392,4.95392,5.15392,5.63392,6.08392,5.08392,4.90392,5.17392,3.05392,4.26392,5.75392,5.27392,5.94392,5.67392,5.61392,5.61392,6.19392,6.41392,6.80392,6.79392,6.66392,7.18392,7.39392,7.28392,7.20392,7.32392,7.62392,8.01392,8.16392,8.76392,9.76392,10.8039,11.9139,12.4939,13.9439,14.1539,15.4639,16.2039,16.6939,17.2639,17.5839,17.6939,17.7339,18.0439,18.2739,18.3539,19.1739,19.7439,20.6239,20.3639,20.4639,19.6939,17.9139,16.1139,14.4939,13.3839,12.4639,11.2639
5.97392,6.14392,6.11392,6.26392,6.61392,5.62392,5.88392,6.08392,6.04392,6.97392,6.37392,5.60392,3.07392,5.41392,6.94392,6.41392,6.39392,6.24392,6.29392,6.24392,6.86392,7.32392,7.69392,7.19392,6.57392,6.51392,7.76392,8.28392,7.95392,7.82392,8.00392,8.22392,8.31392,8.76392,9.79392,10.8239,11.9539,12.4239,13.5939,14.2539,15.5239,16.0439,17.1539,17.2139,17.5339,17.7539,17.5739,17.8139,17.4739,17.8339,18.3939,18.3439,19.0639,19.5439,20.9039,20.5839,19.9339,18.0139,16.0139,14.6639,13.3039,11.3639,9.81392
7.32392,7.05392,6.91392,6.98392,7.05392,7.06392,6.82392,6.98392,6.84392,7.26392,7.68392,4.64392,5.89392,7.62392,7.16392,7.08392,6.53392,6.12392,5.99392,7.01392,7.47392,8.15392,8.48392,7.68392,6.74392,6.16392,7.99392,8.82392,8.85392,8.68392,8.78392,8.93392,8.98392,10.1939,11.2739,12.0639,13.1139,13.4739,14.3639,15.3339,16.1939,17.0039,17.2739,17.6439,16.7739,16.7439,17.0339,17.1539,17.6139,17.2039,17.1939,17.6739,18.0139,18.4039,20.1139,20.2639,19.5939,18.5139,15.2139,13.4539,11.8839,10.9039,9.65392
8.22392,8.20392,8.22392,8.12392,8.00392,7.82392,7.63392,7.17392,7.42392,7.63392,7.65392,7.11392,7.03392,7.82392,7.51392,7.34392,6.79392,6.05392,6.78392,7.43392,8.06392,8.66392,9.18392,8.46392,7.59392,6.75392,7.73392,8.83392,9.39392,9.57392,9.81392,9.81392,10.5239,11.8339,12.1539,13.3039,14.1739,14.7139,14.7239,15.3739,15.8239,16.4839,17.0639,16.5839,16.3339,16.2539,15.9539,16.0839,16.2939,16.4839,16.6239,16.9839,17.0639,17.3639,19.3039,19.3439,18.0339,16.5639,14.0239,11.5039,11.2139,11.0939,9.33392
7.93392,8.04392,8.91392,9.00392,8.59392,8.30392,8.13392,8.04392,8.03392,8.02392,8.10392,7.49392,6.73392,8.54392,7.98392,7.57392,7.19392,6.92392,7.03392,7.98392,8.43392,8.84392,9.00392,8.68392,8.54392,8.27392,7.81392,8.17392,9.23392,9.86392,10.1839,10.8139,11.6239,11.7039,13.5439,15.1639,14.8539,12.9439,13.6939,14.8839,15.1539,14.6339,13.7839,14.1639,15.1139,15.7839,16.7739,17.0639,17.2139,17.3339,16.9139,16.6339,15.8639,15.4039,14.6339,14.0039,16.6339,14.4039,11.7139,9.64392,9.40392,8.77392,7.89392
7.80392,8.01392,8.57392,8.98392,8.72392,8.41392,8.55392,8.46392,8.09392,7.91392,7.66392,7.47392,8.29392,8.71392,8.12392,7.88392,7.50392,7.85392,8.07392,8.03392,7.89392,8.49392,8.43392,8.53392,8.66392,8.89392,9.22392,9.45392,9.48392,9.95392,10.8139,11.7539,12.4439,13.3539,14.5739,11.8539,10.9239,12.8639,13.8239,12.7239,12.7339,13.4739,13.2039,13.1239,13.8339,12.9539,14.1639,14.0539,13.6939,13.9439,14.8039,14.0939,14.1039,13.6039,13.2039,11.2639,14.3639,10.8939,5.90392,6.45392,6.57392,6.32392,6.23392
7.88392,8.05392,8.69392,8.91392,8.59392,8.66392,8.78392,8.49392,8.25392,8.28392,8.22392,8.39392,8.86392,8.72392,8.57392,8.10392,8.03392,8.58392,8.70392,8.86392,8.86392,8.45392,8.38392,8.69392,9.15392,9.45392,9.37392,9.89392,10.4939,10.9639,11.2539,12.0339,12.8139,12.1939,8.61392,10.5539,11.8039,11.7339,11.4039,12.5339,12.9939,12.5439,13.4239,12.7539,13.2439,13.7239,12.9039,13.5739,12.6139,12.4139,12.1539,12.1739,12.5139,12.3139,9.93392,7.48392,2.95392,-0.806079,1.81392,3.83392,4.76392,5.08392,4.99392
7.91392,8.52392,8.21392,8.44392,8.70392,8.94392,9.03392,8.70392,8.75392,8.87392,8.60392,8.87392,9.19392,9.16392,9.18392,8.80392,9.10392,9.64392,10.3339,10.2039,9.68392,9.99392,9.26392,9.31392,9.92392,9.81392,9.85392,10.0639,10.8139,11.1439,11.2539,11.5739,10.0339,8.85392,9.95392,11.0039,10.4939,10.8739,12.4439,12.5739,12.4739,12.5039,12.5139,13.1639,13.0739,13.4139,13.5339,12.5439,12.6939,11.9539,11.4139,10.9739,10.4639,10.1939,8.15392,5.73392,2.14392,1.96392,1.36392,1.90392,3.62392,4.31392,4.40392
7.57392,7.75392,8.27392,8.72392,8.83392,9.04392,9.18392,8.85392,8.93392,9.23392,9.93392,9.73392,9.92392,9.97392,10.1739,10.3739,10.4839,10.7239,11.4439,11.0739,10.5239,10.5139,10.3539,10.1739,10.4639,10.4439,10.3839,10.8939,11.2939,11.5039,11.2439,9.62392,8.79392,9.58392,10.4239,9.95392,10.4839,11.7839,12.2039,12.6439,12.4839,12.5039,12.9039,13.1239,13.2239,13.3139,13.1339,12.4339,12.2339,11.6639,11.2739,10.6939,10.1339,8.73392,8.04392,5.86392,4.60392,3.57392,2.85392,3.65392,4.66392,4.88392,4.70392
6.73392,7.35392,7.83392,8.26392,8.61392,8.85392,8.95392,9.18392,9.53392,10.5339,11.2939,11.1239,11.1739,11.0739,11.0439,11.5739,11.6239,11.9439,11.7039,11.4339,10.8439,10.5439,10.5539,10.6839,10.7139,10.8239,10.6139,10.6839,11.3239,11.2939,10.9639,8.44392,9.08392,9.70392,9.36392,10.3939,10.9439,11.8339,12.3839,12.2739,12.4639,12.5739,12.6039,12.9639,13.3539,12.9039,12.8439,12.7239,11.7139,11.3339,11.0639,10.5639,10.0839,9.54392,7.49392,6.95392,6.24392,5.35392,5.18392,5.26392,5.88392,6.32392,5.73392
6.33392,6.75392,7.06392,7.40392,7.84392,8.16392,8.43392,9.44392,10.4539,11.6739,11.8139,12.0439,11.8739,11.5439,11.7739,12.2039,12.4139,12.4039,12.3839,12.2539,12.1339,11.9639,11.5839,10.6839,10.7139,11.1139,11.1039,10.8239,11.1639,11.7939,8.90392,8.53392,9.33392,9.20392,9.51392,10.5039,11.1439,11.8339,11.8139,12.3239,12.5239,13.1039,13.8439,14.4839,14.3939,14.2039,13.7439,13.4139,13.0539,11.8339,10.8839,10.2639,10.0739,9.40392,8.90392,7.66392,7.31392,7.08392,7.10392,7.16392,7.03392,7.27392,6.66392
5.08392,5.28392,5.59392,5.98392,6.69392,7.17392,7.19392,8.14392,9.06392,10.2039,11.0939,11.4939,11.7439,11.8739,12.1739,12.8339,13.5639,13.7639,13.7839,13.6539,13.2639,12.5539,11.7239,11.5739,10.9339,11.9139,11.3539,11.0239,11.4839,10.9139,8.45392,8.89392,8.91392,9.09392,10.1239,10.7439,11.0339,11.2439,11.9039,12.4639,12.6339,12.6639,12.7239,13.1439,13.7439,13.7339,13.8839,13.4839,13.0739,12.7539,11.6739,10.1439,9.65392,9.19392,8.80392,8.52392,7.93392,8.19392,7.87392,7.81392,7.91392,7.66392,6.65392
