demo/data.js
{"header": {"parameterUnit":"m.s-1","parameterNumber":2,"parameterCategory":2,"parameterNumberName":"U-component_of_wind","dx":1,"dy":1,"la1":90,"la2":-90,"lo1":0,"lo2":359,"nx":360,"ny":181,"refTime":"2017-10-20T20:00:00.000Z\n"}, "data":
[rows 116 to 144 of 181, columns 132 to 197 of 360]
-4.9883,-4.9483,-3.5383,-3.4483,-3.2683,-3.0483,-3.6183,-3.6883,-3.8283,-3.9583,-2.0783,-2.2283,-1.6983,-1.4783,-1.1783,-0.688303,0.851697,-0.328303,1.6217,-0.578303,0.371697,1.0817,-0.758303,-1.4083,-1.8683,-2.7983,-3.5383,-3.4683,-3.0283,-3.6983,-4.8483,-4.7083,-6.2283,-5.5483,-4.7483,-4.1883,-3.8483,-3.5183,-2.9783,-2.5883,-1.8983,-1.2483,-0.598303,0.0616968,0.851697,1.3917,1.9717,2.2517,3.5017,3.5717,4.3617,4.2817,4.1017,2.5717,3.0717,4.1817,5.2417,4.9717,4.6217,3.4517,3.5417,3.0817,3.5617,2.0517,-0.118303,-0.888303
-4.5583,-3.9783,-3.5183,-2.6083,-2.9383,-4.0383,-3.4183,-3.6783,-3.5283,-4.0283,-2.8483,-2.2983,-1.3183,-0.678303,-0.0683032,0.501697,1.7217,-1.2683,-0.298303,-0.0883032,1.6317,1.6117,0.711697,-0.258303,-0.458303,-1.3283,-2.5783,-2.9983,-2.7483,-2.3383,-3.4983,-4.2083,-4.6483,-4.6983,-3.8783,-3.4083,-2.7983,-2.1683,-1.5183,-0.698303,0.0116968,0.651697,1.4717,2.0317,2.4417,3.1317,3.8417,4.2617,4.8117,5.2917,5.5817,6.1017,5.4017,4.7817,5.4617,5.1517,4.3517,4.8617,5.5217,4.0817,2.1317,2.8617,2.0717,2.6017,2.8517,-0.328303
-3.4683,-3.1283,-3.5283,-3.4083,-3.6283,-3.1183,-3.3483,-3.5183,-3.7083,-2.8283,-2.7883,-2.2283,-1.3283,-0.208303,0.541697,0.851697,1.5717,2.1417,-2.0883,-1.5483,0.921697,0.881697,3.7517,0.631697,0.321697,-0.618303,-1.7983,-2.7583,-1.8483,-1.5883,-1.2783,-2.4083,-1.9183,-3.5383,-3.4883,-1.7783,-1.0983,-0.818303,0.361697,1.5117,2.0517,2.6017,3.3817,4.2517,4.5217,5.3217,6.5417,7.3817,6.9617,7.1017,7.4717,7.2917,6.6917,5.7617,5.9617,5.3417,5.7717,5.2817,5.3417,5.5617,5.2617,3.9617,4.3817,4.5117,3.2617,2.9817
-4.7483,-2.9283,-3.0783,-4.2783,-3.8183,-2.5483,-2.5783,-4.1883,-3.5683,-2.6683,-2.7783,-1.7283,-1.3683,-0.368303,0.221697,0.761697,-1.6383,-0.748303,0.261697,-2.5783,-2.6783,0.241697,6.3217,0.871697,1.2117,0.741697,-0.638303,-1.1583,-1.5183,-0.768303,-1.2083,-1.4883,-2.3783,-2.8283,-1.3583,0.431697,1.0117,1.4617,1.9917,2.5717,3.3117,4.1417,5.1017,5.9317,6.8517,7.7717,9.5217,9.3717,9.4117,9.5217,9.2117,8.7617,8.0717,7.4517,5.8917,6.6717,6.1517,6.2417,5.8617,5.9217,6.2317,6.0817,5.5617,5.3717,5.7517,4.5217
-3.1383,-3.5183,-4.1683,-4.6483,-3.4883,-2.4983,-2.2083,-8.1983,-1.1483,-1.6983,-1.6983,-1.9583,-0.968303,-0.00830322,-0.688303,-1.0683,-1.7683,-3.9183,-2.2383,-2.6683,-1.3383,-0.308303,0.861697,1.5117,2.0717,1.3017,0.581697,-0.448303,-0.948303,-0.528303,-0.358303,-0.578303,-1.0683,-0.808303,-0.778303,-1.2983,0.591697,1.7617,2.0017,3.2517,4.3117,4.9017,6.2717,6.6017,7.7617,8.8217,9.0217,8.8717,10.1217,11.5817,11.6217,10.6017,8.6317,7.7317,6.2517,6.4717,6.8217,6.4617,5.9117,6.5117,6.9717,6.4217,7.2117,6.6617,5.3117,6.1517
-4.3983,-3.5983,-3.9283,-3.5083,-3.8183,-3.6783,-1.3183,-1.7683,-2.6883,-1.8683,-2.2283,-1.7783,-0.798303,-1.1283,-0.628303,-1.1183,-1.3383,-3.5983,-4.6883,-0.958303,-0.728303,0.131697,-1.2883,1.3017,3.5517,2.9317,2.3817,1.3917,0.241697,0.0916968,0.671697,1.0217,1.0617,0.281697,-0.0383032,1.3117,1.8617,2.8517,3.5017,4.2317,4.5417,5.0717,5.8017,6.3517,6.9317,6.0217,3.0317,3.4917,4.3717,6.8017,10.8417,10.5117,8.1617,7.5217,6.7717,6.3417,6.4017,6.3117,6.8917,6.7317,6.8817,6.9617,7.1717,7.0917,7.0317,5.8417
-7.2383,-4.8283,-1.7083,-3.3983,-3.4983,-3.6683,-1.8083,-0.518303,-2.4583,-2.0483,-1.1883,-0.498303,-0.468303,-0.0883032,-0.0983032,-0.488303,-1.8683,-4.6583,-3.1583,-1.0583,0.611697,0.181697,-1.0683,-0.968303,-3.1583,7.0617,3.4217,2.3217,2.0417,1.6717,1.4717,1.9317,2.3917,2.2617,2.3117,2.5817,3.1717,3.8217,4.3317,4.6017,4.7617,5.0917,5.9917,6.3817,5.7617,2.3317,2.3217,2.3217,2.4117,2.5217,3.6617,6.7817,8.4017,7.3017,6.0817,6.1717,6.4317,7.0417,7.3117,7.5717,8.0517,7.7217,7.6317,7.3717,6.6817,6.3717
-6.9183,-6.7483,-6.5383,-1.8783,-1.3983,-3.2483,-2.4183,-1.2583,1.0617,-0.308303,-0.598303,-0.528303,-0.278303,0.0116968,0.921697,-1.1283,-1.1083,-2.0483,-0.788303,0.831697,-0.00830322,-0.408303,0.121697,-0.788303,-2.7383,-0.628303,5.9117,2.9617,2.4817,2.9117,3.2117,2.6917,3.0917,3.1917,3.3717,3.8217,3.9717,4.2817,4.5717,5.2017,5.3717,5.6317,6.5717,6.4017,4.4217,3.9217,3.1817,2.8217,0.861697,0.151697,0.581697,1.2717,1.1717,3.5017,4.8417,5.8417,7.0117,8.0017,8.0917,8.6217,8.9817,8.8117,8.3317,7.5217,7.0217,6.2917
-6.0083,-5.7683,-5.3683,-5.2383,-1.5583,-3.8483,-1.5683,-0.788303,-0.0883032,-0.0883032,-0.618303,-0.0183032,-0.00830322,0.211697,0.211697,-1.8083,-2.8983,-2.8583,-0.308303,1.2617,-0.708303,-0.278303,-0.298303,-0.728303,-1.2083,-0.378303,0.531697,5.9917,2.6017,3.2217,3.8817,4.3217,4.2217,4.4617,4.7217,4.7117,4.6617,4.6417,4.9417,5.3117,5.8517,6.5317,7.1717,6.8517,6.5917,5.7217,4.9017,3.2017,1.5117,1.0117,1.9717,2.2717,2.1517,3.4917,4.8917,6.3817,7.3217,7.8617,8.9817,9.8017,10.1517,9.9517,9.2017,8.1017,6.9217,6.4017
-4.4483,-4.0983,-3.7783,-3.5283,-3.2083,-1.7983,-2.1483,-0.168303,0.121697,0.451697,0.151697,0.601697,0.411697,0.321697,0.0816968,-0.368303,-1.4083,-2.1083,0.471697,3.4217,-0.328303,-0.00830322,-0.148303,-0.258303,-1.0983,-1.3483,-1.4983,-1.1283,6.8817,4.4317,3.6717,3.3317,3.1917,4.5617,5.1117,5.8717,5.4717,5.1617,5.3217,5.5217,5.8817,5.9117,6.2917,7.5517,7.4917,7.8017,6.0217,3.8217,3.6217,3.3717,2.3617,3.4017,3.8617,4.2817,5.6017,6.8017,7.6217,8.6717,9.4417,9.8717,9.7017,9.3117,8.4917,8.1817,7.5617,6.7117
-2.1583,-1.7283,-1.4383,-0.998303,-0.948303,0.0816968,-0.388303,-0.118303,-0.168303,0.451697,1.0717,0.921697,0.731697,0.391697,0.551697,-1.9583,-0.758303,0.581697,1.2417,3.7617,0.361697,0.391697,0.391697,-0.208303,-0.548303,-1.1583,-1.5383,-1.3183,-0.308303,5.7217,5.4517,4.0917,3.9117,5.5017,5.7217,6.2517,6.2617,5.6117,5.6417,5.8317,6.0817,5.9817,3.4617,8.5117,9.0317,8.6017,7.7917,4.0717,5.4817,5.2417,3.9817,4.7617,5.9817,6.5417,6.9217,7.9017,9.0317,9.8117,9.6317,8.5217,8.0317,7.4217,6.6517,6.8817,6.9117,5.7417
0.191697,0.661697,1.2317,1.5617,1.7117,2.1517,2.0817,2.0117,0.461697,1.1117,1.0517,0.141697,0.551697,0.0516968,-0.538303,-1.2283,0.0216968,1.4517,4.8017,6.6817,2.9517,1.1217,0.451697,0.631697,0.0816968,-0.228303,-0.448303,-0.498303,-0.238303,1.3617,6.7417,4.7917,4.8517,4.8417,6.2817,6.7617,6.8617,6.3317,6.2417,6.2317,6.6217,6.9917,7.1917,3.2417,7.5617,8.6717,8.0017,6.4817,4.2817,5.6117,4.5017,5.2517,7.3017,8.3017,8.8717,10.1017,11.0417,11.7817,11.8417,11.2417,10.0517,8.8117,7.8217,6.7717,6.5117,5.2217
2.9717,3.4717,3.8717,4.0017,3.8017,4.4917,4.0417,4.2417,4.0217,1.5317,1.5117,1.8217,2.2617,3.3217,0.391697,1.7917,6.8017,10.1817,10.4817,7.8217,4.6717,2.4717,1.8317,1.4317,1.4517,1.1117,0.791697,0.611697,0.551697,0.131697,0.111697,7.8617,5.6017,5.5517,5.5317,7.0817,7.7917,7.4317,7.4117,7.3217,7.8017,8.5417,8.3917,3.4117,2.9217,0.871697,1.8317,2.2217,4.5217,4.2917,3.7917,6.0017,7.5817,9.1017,10.9817,12.0217,13.1517,14.2817,14.8817,14.5617,12.9417,10.9017,8.7417,7.2417,5.8017,4.6217
5.3317,5.7217,6.0317,6.3217,6.6617,6.7117,6.5217,6.0617,6.0717,6.0417,6.1017,6.0717,6.6417,6.0117,6.9217,8.5717,9.6217,10.6717,9.4617,7.1717,4.7017,3.7817,3.6917,3.6917,3.4517,2.8017,2.7817,2.8217,1.7817,1.1717,0.151697,-0.458303,7.0717,6.2417,6.7917,6.8417,7.6717,8.3517,8.2417,8.4017,9.0017,10.3817,8.2017,0.681697,1.0417,1.3317,1.1717,2.1817,3.6017,3.0517,2.9217,4.9017,7.4417,9.6617,11.8717,14.9117,17.9017,19.3917,20.1017,17.1217,14.2817,12.3017,9.4317,6.8517,5.2017,4.2217
7.6617,7.8717,8.1217,8.2817,8.3617,8.4617,8.4517,8.1817,8.0117,7.7817,7.5917,7.4217,3.0117,8.0517,7.9017,9.3017,3.5717,7.5017,5.7517,5.7717,4.6017,5.0117,4.8517,5.3717,5.4717,5.2417,4.9917,4.5817,4.3517,3.4317,2.5917,1.7217,1.2217,4.2317,8.6417,7.9217,7.6717,8.1417,8.4717,8.1717,9.2417,14.0317,9.6017,3.4017,0.921697,0.531697,-1.0683,2.2317,1.9117,1.1317,2.0617,4.6217,7.1817,9.4617,12.8717,14.3217,12.0017,9.2617,8.1417,8.2917,10.7217,9.5717,8.1417,5.6517,4.0117,3.4117
9.0417,9.0917,9.1817,9.1117,9.1317,9.4317,9.5517,9.0217,8.8517,9.0617,8.7117,7.9017,6.9017,1.4617,4.7817,4.3717,0.281697,-3.4983,0.181697,2.9717,4.7417,5.7217,6.9617,7.5017,6.8017,6.5117,6.9917,7.2117,6.2817,5.4817,5.0217,4.4617,4.3817,3.9817,3.6817,9.5817,8.0517,7.8217,6.9117,6.1217,1.8117,1.0817,4.3817,-2.1783,0.501697,-0.558303,0.301697,1.1017,0.381697,-0.308303,1.7217,4.4717,6.0517,7.7517,7.2717,6.1217,5.3817,4.3517,2.8017,1.2917,3.0417,3.4617,3.6817,3.1117,2.1217,2.2117
9.8517,10.0017,9.8417,9.8617,9.6717,9.5017,9.5717,9.6317,9.3817,9.6617,9.2717,8.5517,7.4517,4.9917,1.6617,1.7017,2.2317,7.9317,6.6617,7.2017,8.5317,9.4817,9.5317,8.8617,8.5017,8.3917,8.3517,8.3317,8.2417,7.7717,6.9717,6.3317,6.0117,6.2517,5.8117,5.1517,9.5617,6.9917,4.4817,4.2617,-0.208303,2.1117,0.621697,1.5217,-1.9283,-1.2083,0.501697,0.341697,-0.208303,-0.798303,1.4217,3.3717,3.9517,3.1517,3.2317,1.9417,-0.728303,-1.9483,-1.8383,-1.7983,-3.3783,-3.2083,-0.568303,0.0616968,0.421697,1.7417
9.8817,10.3417,10.3817,10.4117,10.3117,10.3017,10.4917,10.7517,10.7717,10.3617,9.8617,9.4917,9.0717,8.8817,1.6617,0.181697,3.8017,7.6117,9.4017,11.0517,11.9117,11.8917,11.5517,10.7917,10.2717,9.9117,9.5217,9.4817,9.3517,9.0517,8.8517,7.9117,6.8517,6.9617,6.9817,6.8217,6.3317,9.1517,-1.3583,-0.0883032,2.3617,2.4017,1.4417,1.2517,-0.0783032,0.271697,1.2617,0.591697,-0.0983032,-0.318303,-0.0483032,2.3717,2.5817,1.2117,-0.688303,-3.8583,-4.8583,-5.2283,-5.0883,-5.5983,-6.2383,-5.1783,-3.5583,-1.9483,-0.518303,-0.118303
10.5817,11.0217,10.9017,10.8817,11.0217,11.0017,11.1917,11.3517,11.1217,10.6917,10.7817,11.2317,11.0617,11.1417,11.8717,13.5017,13.2917,13.7817,13.8917,13.8717,14.2417,14.1317,13.5117,12.5017,11.3917,11.3517,10.6817,10.9917,10.5517,10.0217,9.4717,8.7617,7.8017,7.2117,7.0517,6.6617,5.5717,-0.638303,3.7917,3.4317,2.7117,3.4517,1.6817,0.871697,1.0017,1.2517,1.6717,0.641697,0.381697,0.0616968,-0.828303,0.771697,0.901697,-0.548303,-3.8683,-6.2983,-7.2383,-7.0783,-7.8683,-8.0983,-8.3083,-8.0883,-6.9083,-4.9083,-3.6383,-2.9383
11.3217,11.4117,11.4317,11.3717,11.2517,11.3017,11.2817,11.4817,10.9717,10.7117,10.9617,11.4017,11.4417,11.4817,11.8117,12.8417,14.2017,15.4117,15.2117,15.0817,16.3317,16.2717,15.1417,13.6217,11.5917,11.2717,12.2717,12.2417,11.6317,10.9417,10.0417,9.1217,8.4917,7.6017,7.0317,4.1417,2.2117,1.9417,2.3417,2.0417,0.311697,3.1617,2.1417,0.761697,0.331697,0.481697,1.4817,0.621697,1.1917,0.491697,-0.148303,-0.788303,-0.908303,-1.7883,-3.8783,-6.6483,-7.8683,-9.3783,-9.8883,-10.0983,-10.5283,-9.8183,-8.6483,-7.6283,-6.5683,-5.9583
11.9317,12.0917,12.0117,12.0117,12.0617,11.9617,11.8417,11.4717,11.0517,10.7917,10.7517,10.7717,10.5517,11.0517,11.7517,12.1817,12.8117,13.7717,14.1617,14.4117,15.0117,15.0817,15.4817,15.6917,14.6217,13.7217,13.5617,13.1817,12.6117,11.9717,10.9117,9.9817,9.3117,8.4417,7.4917,2.2717,1.4517,3.5017,2.0817,7.4517,4.2217,3.0517,1.9817,1.8917,1.7117,1.8517,2.5717,2.1817,1.7017,2.5717,1.6017,-0.738303,-1.9183,-2.5383,-3.8483,-5.8983,-8.1983,-10.3083,-10.8083,-11.2283,-11.3483,-12.2283,-11.3183,-10.4283,-9.3983,-9.0383
12.7917,12.8917,13.0117,13.0617,13.0917,12.9117,12.5817,11.7517,11.2417,11.0117,10.6917,10.1517,9.4917,10.0617,11.8817,12.0717,11.4917,11.7417,12.9817,14.5517,15.1417,14.9517,15.0717,15.1417,15.5317,15.9417,15.1317,14.5717,13.4917,13.2317,12.2717,10.9517,10.3317,9.4617,9.0217,9.2917,4.2417,10.7817,10.4217,9.7817,8.0217,5.0317,4.3617,4.5617,3.9817,3.6117,3.5817,3.4717,3.4417,3.5217,3.1017,0.401697,-1.4583,-2.4683,-3.3683,-4.8083,-6.5183,-9.1283,-10.1583,-11.5783,-11.9183,-11.9883,-12.9283,-12.6683,-12.7883,-12.1683
13.4617,13.4717,13.5517,13.6717,13.6417,13.1017,12.6117,12.1017,11.7017,10.4517,9.8217,10.0117,9.5217,10.2817,11.7117,11.7717,11.8417,12.3517,12.7617,13.4117,14.2917,15.0817,15.7517,16.0417,15.6617,15.9017,16.6217,15.5517,14.2117,13.7017,13.0217,11.6617,10.9717,10.1517,9.4517,9.0917,9.3317,8.8517,8.8517,10.1417,10.1717,6.7517,6.2917,5.8417,5.0317,4.2017,3.6817,3.5217,3.3517,2.5417,3.0717,2.8817,0.0216968,-1.2983,-2.3283,-3.6783,-5.0583,-6.7883,-8.6083,-10.3183,-11.9083,-12.2683,-11.9083,-11.6883,-11.7683,-11.7783
13.3617,13.9917,14.4117,14.0217,13.3717,12.9817,12.5917,12.7617,12.0017,9.3417,6.9517,8.1417,9.5717,10.8517,11.8117,12.1817,12.7817,13.6517,14.2417,14.4917,14.8117,15.4417,16.2717,17.1617,17.6417,17.7217,16.9117,16.7917,16.1717,13.7217,13.0517,12.0617,11.4217,10.7017,9.7517,8.5417,7.9517,8.0017,8.6317,9.4017,10.4617,7.2117,5.8417,5.4917,4.8417,3.8317,3.3017,3.0517,2.8317,2.1317,2.1817,2.3817,2.1317,0.791697,-0.808303,-2.3983,-3.8183,-5.1983,-6.4183,-7.9983,-9.8883,-11.2583,-11.9983,-11.8083,-11.6283,-11.3283
12.6617,13.4717,14.1017,13.9117,13.3217,12.8417,11.8017,11.0317,8.0917,7.3817,8.4417,9.3717,10.3817,11.4017,12.1817,12.7717,13.0217,13.4317,14.2517,15.5617,16.7017,17.7417,17.8517,18.4717,18.7617,18.2217,17.8817,17.4017,17.1117,16.1017,13.3717,12.3417,11.4517,10.7717,9.6017,7.6817,7.1217,6.4617,6.9417,6.9817,7.2617,9.6617,5.4617,4.4917,3.9817,2.7617,1.7917,2.1417,2.7217,2.7617,2.7617,3.0917,3.1017,3.1017,1.2517,0.0916968,-1.1883,-2.4083,-3.5983,-5.0283,-6.6983,-8.1683,-9.2483,-9.8783,-9.7383,-9.6683
12.4517,12.2517,12.2717,12.7017,12.1717,11.8017,6.9017,2.0217,3.0817,4.7417,7.4717,9.3617,10.2917,10.4017,10.0917,11.6717,13.5717,14.7517,15.4017,16.0717,17.4817,18.1417,19.2617,18.6617,18.6817,18.7217,18.4817,18.5017,17.3217,16.9917,13.8717,11.2117,10.6317,9.9117,9.0717,6.8017,5.8617,5.4817,5.0517,3.9217,4.2017,5.8217,8.9417,4.3717,3.6117,3.1717,3.0917,2.6517,3.7317,3.5217,4.3617,4.3717,4.2517,3.7017,2.9817,2.2317,1.8017,1.5217,0.691697,-0.0683032,-1.3283,-3.1683,-4.5883,-5.4983,-6.0683,-6.3883
10.5117,10.3817,10.4217,10.7617,4.4717,-0.428303,1.4617,3.2717,5.0517,6.0217,7.5217,8.3717,9.0017,9.8017,10.6717,11.7617,13.1617,15.3017,16.1517,17.0517,18.1517,19.1817,19.6317,19.2317,19.2317,18.3917,17.8417,17.7417,17.3617,16.3017,15.6017,11.0417,9.8717,8.6117,7.5917,6.8917,5.3317,4.9817,4.1317,2.4217,0.881697,0.941697,3.2917,7.7817,5.6217,4.6117,4.5517,4.9117,5.4717,5.9417,6.1217,6.1217,5.9917,5.2717,4.4717,4.1917,4.3917,4.2317,4.0317,3.8617,3.3917,2.9917,2.1417,1.1217,0.201697,-0.578303
8.9717,9.4117,4.6217,-1.7383,-1.0183,0.721697,2.9517,5.0017,6.1517,6.3817,6.2217,7.6717,8.6017,9.0117,10.3717,12.2617,13.9617,14.9517,16.0017,17.3017,19.3917,20.3917,21.0017,20.8417,20.0217,18.9417,17.1417,16.3017,15.6817,14.7317,14.8417,11.1417,8.3717,6.8817,6.0617,6.0717,5.3617,3.6117,3.6517,2.1517,-0.468303,-1.9483,-2.2983,-1.6983,3.2017,6.2317,6.5217,7.0717,6.9317,6.8117,7.4417,7.8717,7.8417,7.8217,7.7017,6.9517,5.9617,6.3817,6.6217,6.2017,5.9417,6.2217,6.3417,6.0117,4.9617,3.9317
4.1917,-1.9083,-2.4283,-1.6783,0.651697,3.0517,4.4817,5.7417,6.8317,7.0617,7.2917,7.5417,8.6617,9.9417,10.8917,11.9517,12.9617,13.9217,15.5817,17.7317,20.3117,23.2117,22.7217,21.4217,18.9817,16.7717,15.5317,13.9717,13.2317,12.4317,12.2517,9.0017,6.0517,4.4817,3.6817,3.8117,4.5717,3.6617,1.1817,0.631697,-0.688303,-2.3083,-3.4383,-4.2183,-4.1083,-4.2683,0.0816968,5.1017,6.8517,7.7417,8.1517,8.5917,8.5017,8.4917,8.5017,8.5317,8.3817,7.6417,7.4517,7.7817,7.9017,8.3717,8.3917,7.5217,6.8617,6.7517
