demo/data.js
{"header": {"parameterUnit":"m.s-1","parameterNumber":3,"parameterCategory":2,"parameterNumberName":"V-component_of_wind","dx":1,"dy":1,"la1":90,"la2":-90,"lo1":0,"lo2":359,"nx":360,"ny":181,"refTime":"2017-10-20T20:00:00.000Z\n"}, "data":
[rows 58 to 86 of 181, columns 192 to 255 of 360]
5.70396,5.05396,3.56396,3.76396,3.28396,5.51396,6.05396,3.96396,2.44396,1.72396,0.673958,0.0139575,-0.516042,-0.776042,-0.946042,-0.916043,-0.826042,-1.15604,-1.03604,-1.65604,-1.80604,-1.71604,-1.75604,-1.42604,-1.15604,-1.44604,-1.98604,-2.32604,-2.68604,-2.91604,-3.38604,-3.59604,-3.98604,-4.43604,-4.83604,-5.18604,-5.36604,-5.53604,-5.70604,-6.01604,-6.26604,-6.42604,-6.65604,-7.28604,-8.19604,-9.09604,-9.15604,-8.64604,-6.51604,-3.02604,-2.33604,-3.53604,0.183958,-1.27604,-4.33604,-4.37604,1.81396,3.14396,3.09396,2.63396,1.64396,3.77396,4.17396,2.21396
4.40396,3.81396,3.77396,3.82396,2.51396,4.59396,2.98396,1.80396,0.953957,0.293958,-0.0860425,-0.766042,-1.33604,-1.21604,-1.48604,-1.83604,-2.20604,-2.34604,-2.76604,-3.05604,-2.83604,-2.57604,-2.23604,-2.20604,-2.24604,-2.36604,-2.46604,-2.65604,-2.94604,-3.39604,-3.48604,-3.63604,-3.93604,-4.35604,-4.88604,-5.23604,-5.43604,-5.80604,-6.00604,-6.21604,-6.53604,-7.03604,-7.46604,-7.96604,-8.58604,-8.88604,-8.54604,-7.73604,-5.78604,-4.46604,-4.80604,-6.04604,-2.94604,0.393958,-4.51604,0.973958,3.77396,7.43396,5.47396,5.52396,3.16396,3.33396,3.91396,4.52396
4.02396,2.98396,2.56396,2.00396,1.94396,2.36396,1.37396,0.413958,-0.176042,-0.796043,-1.17604,-1.30604,-1.55604,-2.08604,-2.84604,-3.03604,-3.46604,-3.85604,-4.12604,-3.58604,-2.60604,-2.26604,-1.95604,-1.88604,-1.93604,-1.95604,-1.89604,-1.94604,-2.39604,-2.65604,-2.62604,-2.66604,-3.08604,-3.60604,-4.27604,-4.88604,-5.16604,-5.50604,-5.92604,-6.47604,-6.81604,-7.16604,-7.61604,-7.75604,-7.86604,-7.62604,-7.29604,-6.13604,-5.10604,-5.93604,-6.67604,-6.94604,-7.43604,-3.91604,-0.0960425,2.10396,7.17396,7.94396,5.90396,5.47396,5.12396,2.16396,3.28396,3.80396
2.03396,1.78396,1.25396,0.843958,0.943958,0.663958,-0.0960425,-0.556042,-0.956042,-1.18604,-1.38604,-1.47604,-2.28604,-2.85604,-3.28604,-4.32604,-4.83604,-4.41604,-4.57604,-3.27604,-3.42604,-3.09604,-3.02604,-2.70604,-2.47604,-2.51604,-2.45604,-2.49604,-2.80604,-3.03604,-2.67604,-2.55604,-2.53604,-2.75604,-3.49604,-3.80604,-4.13604,-4.49604,-4.64604,-5.03604,-5.36604,-5.79604,-6.22604,-6.56604,-6.86604,-6.77604,-5.77604,-5.14604,-5.86604,-6.05604,-6.42604,-7.05604,-7.65604,-2.69604,1.17396,-2.21604,1.30396,5.88396,6.05396,2.92396,3.08396,1.72396,1.72396,0.843958
1.73396,1.22396,0.883958,0.423958,-0.316042,-0.576042,-1.15604,-1.55604,-1.83604,-2.06604,-2.17604,-2.62604,-2.81604,-3.75604,-4.88604,-5.23604,-5.06604,-4.86604,-4.61604,-4.51604,-4.34604,-4.05604,-2.65604,-1.89604,-0.756042,-0.546043,-0.686042,-0.756042,-0.366042,-0.226042,-0.266042,-0.436042,-0.896042,-1.48604,-2.07604,-2.50604,-3.40604,-4.20604,-4.67604,-5.07604,-5.45604,-5.77604,-6.04604,-6.22604,-6.02604,-5.92604,-6.06604,-6.27604,-6.20604,-6.53604,-7.18604,-7.96604,-7.72604,-4.27604,-5.64604,0.893957,0.213958,3.06396,5.73396,3.24396,3.34396,1.92396,0.783958,1.69396
0.993958,0.493958,0.253958,0.0539575,-0.596042,-1.50604,-1.96604,-2.07604,-2.46604,-2.56604,-2.59604,-2.91604,-4.11604,-4.75604,-5.08604,-5.27604,-5.33604,-5.66604,-5.59604,-5.49604,-3.02604,-1.95604,-2.16604,-1.90604,-1.04604,-0.856043,-0.0660425,-0.136042,-0.206042,-0.116042,-0.136042,-1.29604,-1.97604,-2.08604,-2.26604,-2.58604,-3.41604,-4.15604,-4.61604,-4.86604,-5.02604,-5.21604,-5.52604,-5.84604,-5.97604,-6.07604,-6.19604,-6.32604,-6.57604,-6.91604,-7.38604,-7.87604,-8.22604,-7.94604,-4.50604,-6.04604,-3.08604,-1.90604,7.38396,4.21396,2.20396,3.42396,0.893957,-1.07604
1.15396,0.203958,-0.496042,-0.926042,-1.20604,-1.67604,-2.44604,-2.89604,-2.96604,-2.99604,-3.46604,-3.63604,-3.79604,-4.49604,-5.12604,-5.66604,-5.54604,-5.72604,-4.96604,-3.00604,-2.69604,-2.81604,-3.11604,-3.07604,-2.38604,-1.31604,-1.45604,-1.79604,-1.52604,-1.32604,-1.91604,-2.22604,-2.20604,-2.82604,-2.99604,-3.77604,-4.37604,-4.47604,-4.62604,-4.94604,-5.15604,-5.52604,-5.99604,-6.26604,-6.22604,-6.22604,-6.32604,-6.55604,-6.75604,-6.93604,-7.20604,-7.45604,-7.40604,-7.62604,-6.50604,-7.22604,-0.896042,-0.856043,5.41396,6.38396,2.62396,1.38396,1.49396,1.75396
-0.306042,-0.826042,-1.09604,-1.42604,-1.64604,-1.91604,-2.68604,-3.65604,-4.05604,-4.29604,-4.32604,-4.34604,-4.79604,-5.25604,-5.40604,-5.89604,-5.42604,-3.10604,-3.18604,-3.53604,-3.73604,-4.45604,-4.38604,-3.27604,-2.26604,-2.31604,-2.81604,-3.18604,-3.06604,-4.03604,-3.38604,-3.18604,-3.46604,-3.41604,-3.11604,-3.34604,-3.92604,-4.54604,-5.11604,-5.56604,-6.04604,-6.50604,-6.83604,-6.80604,-6.60604,-6.41604,-6.30604,-6.31604,-6.40604,-6.56604,-6.67604,-6.81604,-6.92604,-7.14604,-6.82604,-6.38604,-5.27604,-0.376042,5.21396,6.42396,4.20396,1.46396,2.19396,1.19396
-1.87604,-2.88604,-2.34604,-1.85604,-1.93604,-1.96604,-2.52604,-3.09604,-3.79604,-4.59604,-4.97604,-5.12604,-5.30604,-5.63604,-5.44604,-3.42604,-3.16604,-4.00604,-4.36604,-3.81604,-4.16604,-4.77604,-3.96604,-1.87604,-0.636042,-0.876042,-2.61604,-1.91604,-1.16604,-1.95604,-2.81604,-2.52604,-2.20604,-1.87604,-2.74604,-3.44604,-3.84604,-4.61604,-5.50604,-6.06604,-6.25604,-6.51604,-6.76604,-6.81604,-6.74604,-6.61604,-6.48604,-6.32604,-6.18604,-6.12604,-6.20604,-6.47604,-6.68604,-7.00604,-6.78604,-6.00604,-5.63604,-2.74604,0.683958,6.12396,5.39396,3.12396,1.46396,2.46396
-2.27604,-2.17604,-2.29604,-2.72604,-2.68604,-2.62604,-2.94604,-3.02604,-2.77604,-2.90604,-3.21604,-3.17604,-3.06604,-3.23604,-3.50604,-3.98604,-4.40604,-4.36604,-4.06604,-4.72604,-5.17604,-4.30604,-3.22604,-2.13604,-1.58604,-2.08604,-1.70604,2.08396,1.91396,1.39396,0.113958,-0.106042,-0.426042,-1.53604,-2.65604,-3.17604,-3.62604,-4.43604,-5.25604,-5.69604,-5.90604,-6.19604,-6.34604,-6.54604,-6.73604,-6.72604,-6.46604,-6.14604,-5.90604,-5.90604,-6.06604,-6.26604,-6.46604,-6.72604,-6.35604,-5.41604,-4.86604,-4.66604,-2.21604,5.30396,5.05396,3.72396,2.14396,1.11396
-0.836042,-0.396042,-0.786042,-1.62604,-2.77604,-3.59604,-4.01604,-4.39604,-2.92604,-5.18604,-4.32604,-4.30604,-4.16604,-4.67604,-4.82604,-4.77604,-5.08604,-4.96604,-5.10604,-4.84604,-4.26604,-4.76604,-4.03604,-3.62604,-2.01604,-1.70604,0.623958,2.56396,3.68396,3.39396,2.15396,0.893957,-0.716042,-1.91604,-2.30604,-2.40604,-3.10604,-3.64604,-4.32604,-4.97604,-5.55604,-5.77604,-5.74604,-5.79604,-5.81604,-5.65604,-5.46604,-5.24604,-5.17604,-5.34604,-5.62604,-5.74604,-5.91604,-5.84604,-5.52604,-4.98604,-4.34604,-4.50604,-3.40604,0.463958,3.08396,3.52396,2.24396,0.553958
-0.746042,-0.376042,0.173958,-0.286042,-1.23604,-2.50604,-3.07604,-4.00604,-4.78604,-5.44604,-5.34604,-4.64604,-1.83604,-3.33604,-4.71604,-5.48604,-5.51604,-5.58604,-4.97604,-4.72604,-5.33604,-5.27604,-4.84604,-3.71604,-0.0660425,1.51396,4.27396,4.15396,2.66396,1.20396,-0.0360425,-0.616042,-1.81604,-2.00604,-1.71604,-1.81604,-2.10604,-2.42604,-2.99604,-4.45604,-5.07604,-5.06604,-5.00604,-5.03604,-4.87604,-4.55604,-4.50604,-4.57604,-4.73604,-5.00604,-5.15604,-5.20604,-5.16604,-5.02604,-5.00604,-4.81604,-4.26604,-3.56604,-2.63604,-1.12604,0.893957,2.35396,1.02396,-0.556042
-1.47604,-1.93604,-2.27604,-1.75604,-1.17604,-1.37604,-2.27604,-3.30604,-4.01604,-4.55604,-5.63604,-6.89604,-5.87604,-0.736042,-5.42604,-5.58604,-5.34604,-5.11604,-4.95604,-5.34604,-4.75604,-4.56604,-5.04604,-2.46604,-0.216042,1.78396,2.03396,1.30396,0.683958,0.273958,-0.916043,-1.44604,-1.85604,-1.69604,-1.48604,-1.45604,-1.54604,-1.95604,-3.48604,-4.25604,-4.07604,-4.25604,-4.59604,-4.48604,-4.18604,-4.04604,-4.24604,-4.35604,-4.43604,-4.67604,-4.84604,-4.83604,-4.65604,-4.62604,-4.61604,-4.26604,-3.54604,-2.79604,-1.93604,-1.27604,0.0739575,0.193958,-0.226042,0.953957
-1.45604,-1.76604,-1.57604,-2.00604,-2.89604,-3.32604,-3.61604,-4.13604,-5.04604,-4.82604,-2.22604,0.193958,0.453958,-9.92604,-6.70604,-5.80604,-5.24604,-4.88604,-4.95604,-4.73604,-4.45604,-4.84604,-4.39604,-0.796043,2.12396,1.91396,0.783958,0.273958,0.263958,-0.316042,-1.20604,-1.38604,-1.55604,-1.67604,-1.95604,-2.05604,-2.34604,-3.14604,-3.62604,-3.62604,-4.20604,-4.76604,-4.64604,-4.43604,-4.39604,-4.34604,-4.32604,-4.08604,-4.20604,-4.49604,-4.71604,-4.69604,-4.67604,-4.68604,-4.23604,-3.36604,-2.70604,-2.11604,-1.84604,-1.42604,-0.916043,-1.40604,-1.84604,0.113958
-2.33604,-1.61604,-1.36604,-1.57604,-1.10604,-0.606043,-2.56604,-4.12604,-2.28604,-1.82604,-2.65604,-3.93604,-5.88604,-6.80604,-6.61604,-5.85604,-5.22604,-4.91604,-4.67604,-4.79604,-4.31604,-3.99604,-3.29604,1.14396,1.73396,0.613958,0.0839575,0.303958,-0.236042,-0.646042,-0.956042,-1.39604,-1.77604,-2.24604,-2.56604,-2.98604,-3.52604,-3.74604,-4.02604,-4.23604,-4.80604,-4.78604,-4.17604,-4.27604,-4.35604,-4.37604,-4.21604,-4.10604,-4.20604,-4.48604,-4.58604,-4.54604,-4.24604,-3.50604,-2.90604,-2.38604,-1.92604,-1.78604,-1.65604,-1.67604,-1.80604,-1.25604,-2.44604,-1.53604
-2.00604,-2.41604,-2.59604,-2.33604,-1.16604,-2.67604,-3.75604,-3.74604,-4.40604,-3.73604,-4.13604,-4.74604,-5.68604,-6.21604,-6.09604,-5.66604,-5.22604,-5.24604,-5.24604,-5.23604,-5.33604,-4.31604,-2.18604,-0.286042,0.633958,0.0839575,0.573958,-0.686042,-1.28604,-1.40604,-1.41604,-1.70604,-2.45604,-2.83604,-3.20604,-3.75604,-4.07604,-4.60604,-4.51604,-4.86604,-4.98604,-4.38604,-4.00604,-4.05604,-4.02604,-3.95604,-3.85604,-3.95604,-4.20604,-4.34604,-4.19604,-3.82604,-3.15604,-2.46604,-2.00604,-1.72604,-1.57604,-1.46604,-1.38604,-1.60604,-1.92604,-1.70604,-1.78604,-2.10604
-1.90604,-2.52604,-3.18604,-2.23604,-2.42604,-2.41604,-3.12604,-4.05604,-4.24604,-4.45604,-4.45604,-4.91604,-5.52604,-5.75604,-5.67604,-5.66604,-5.67604,-5.68604,-5.82604,-5.95604,-4.29604,-4.52604,-2.21604,-0.806042,-0.646042,-0.506042,-0.596042,-0.826042,-1.18604,-1.97604,-2.33604,-2.62604,-2.72604,-3.12604,-3.72604,-4.14604,-4.82604,-4.74604,-4.77604,-5.03604,-4.65604,-3.93604,-3.68604,-3.50604,-3.39604,-3.34604,-3.32604,-3.44604,-3.59604,-3.60604,-3.39604,-3.02604,-2.57604,-2.18604,-1.91604,-1.61604,-1.39604,-1.48604,-1.86604,-2.18604,-2.27604,-2.15604,-1.95604,-1.61604
-2.33604,-3.18604,-3.46604,-4.06604,-4.07604,-3.85604,-3.93604,-4.17604,-4.26604,-4.39604,-4.62604,-4.91604,-5.17604,-5.47604,-5.86604,-5.87604,-6.06604,-6.68604,-6.79604,-5.35604,-4.93604,-3.28604,-2.42604,-1.38604,-0.816042,-1.10604,-1.48604,-1.13604,-1.62604,-2.11604,-2.54604,-2.85604,-3.29604,-3.85604,-4.42604,-4.92604,-4.76604,-4.79604,-4.78604,-4.59604,-3.80604,-3.20604,-3.13604,-3.04604,-2.90604,-2.77604,-2.77604,-2.85604,-2.89604,-2.88604,-2.75604,-2.75604,-2.69604,-2.51604,-2.36604,-2.10604,-1.99604,-2.06604,-2.01604,-2.10604,-2.04604,-1.92604,-1.57604,-1.46604
-3.79604,-4.31604,-4.70604,-4.94604,-4.92604,-4.99604,-5.02604,-4.83604,-4.79604,-4.91604,-5.13604,-5.43604,-5.52604,-5.89604,-6.34604,-6.67604,-6.98604,-7.12604,-6.10604,-4.96604,-3.60604,-3.10604,-2.15604,-1.58604,-1.23604,-1.34604,-1.45604,-1.80604,-1.42604,-1.69604,-1.77604,-3.39604,-4.11604,-4.67604,-4.78604,-4.77604,-4.72604,-4.61604,-4.50604,-3.79604,-2.83604,-2.57604,-2.68604,-2.90604,-3.02604,-2.99604,-2.88604,-2.81604,-2.71604,-2.60604,-2.59604,-2.73604,-2.91604,-3.09604,-2.97604,-2.72604,-2.56604,-2.33604,-2.26604,-2.17604,-1.93604,-1.81604,-1.37604,-0.676042
-4.33604,-4.93604,-5.59604,-5.84604,-5.77604,-5.62604,-5.54604,-5.59604,-5.64604,-5.73604,-5.78604,-5.86604,-6.43604,-6.83604,-7.07604,-7.55604,-7.39604,-6.39604,-4.72604,-3.40604,-2.53604,-2.24604,-1.84604,-1.48604,-0.816042,-0.486042,-0.776042,-0.816042,-1.58604,-0.166042,-1.37604,-2.14604,-3.68604,-5.15604,-5.21604,-4.83604,-4.84604,-4.53604,-3.86604,-3.00604,-2.32604,-2.21604,-2.53604,-3.18604,-3.39604,-3.44604,-3.48604,-3.46604,-3.35604,-3.17604,-3.08604,-3.09604,-3.17604,-3.18604,-3.01604,-2.70604,-2.22604,-1.92604,-1.97604,-2.21604,-1.96604,-1.44604,-0.766042,-0.376042
-4.46604,-4.97604,-5.68604,-5.68604,-5.76604,-5.95604,-6.18604,-6.30604,-6.39604,-6.53604,-6.64604,-7.10604,-7.06604,-7.60604,-7.80604,-7.52604,-6.40604,-4.71604,-3.21604,-2.71604,-2.20604,-1.41604,-1.14604,-0.456042,-0.146042,-0.546043,-1.15604,-1.62604,-1.20604,0.583957,-0.376042,-1.59604,-2.43604,-3.44604,-4.34604,-5.41604,-5.27604,-4.59604,-3.46604,-2.55604,-2.42604,-2.69604,-2.80604,-3.43604,-3.87604,-3.67604,-3.70604,-3.65604,-3.57604,-3.44604,-3.24604,-3.11604,-3.32604,-3.23604,-2.95604,-2.53604,-2.23604,-1.87604,-1.88604,-1.77604,-1.44604,-0.766042,-0.116042,0.153958
-4.73604,-5.71604,-5.95604,-6.13604,-6.07604,-6.30604,-6.77604,-7.25604,-7.74604,-7.87604,-7.89604,-7.68604,-7.88604,-8.00604,-6.29604,-5.28604,-4.60604,-3.61604,-2.94604,-1.95604,-0.816042,0.683958,1.16396,1.40396,0.683958,0.553958,0.873958,0.283958,-0.186042,0.303958,0.333958,0.433958,-0.636042,-1.67604,-3.11604,-3.79604,-3.94604,-2.73604,-1.84604,-1.39604,-1.19604,-1.14604,-1.74604,-2.37604,-1.69604,-2.25604,-2.62604,-3.65604,-3.69604,-2.84604,-2.81604,-2.75604,-3.14604,-3.16604,-2.88604,-2.68604,-2.42604,-2.07604,-1.61604,-1.42604,-0.976043,-0.736042,-0.476042,-0.226042
-3.98604,-3.99604,-5.14604,-5.20604,-4.74604,-4.53604,-5.72604,-6.87604,-7.28604,-7.38604,-7.47604,-6.80604,-5.90604,-5.29604,-5.38604,-4.92604,-4.79604,-3.24604,-0.926042,1.56396,3.40396,4.12396,3.36396,3.30396,4.06396,4.01396,3.16396,2.63396,1.86396,1.81396,1.14396,0.443958,0.0239575,-0.716042,-0.796043,-1.15604,-1.29604,-0.416042,-0.0960425,0.693958,1.19396,-0.856043,-1.31604,-1.54604,-1.82604,-1.47604,-1.60604,-0.526042,-0.246042,0.153958,0.0839575,-0.896042,-0.626042,-0.966042,-1.26604,-1.75604,-2.33604,-2.08604,-1.74604,-0.926042,-0.466042,-0.486042,-0.776042,0.0339575
-3.27604,-3.48604,-4.56604,-4.79604,-5.11604,-5.52604,-4.60604,-3.76604,-4.53604,-4.58604,-4.76604,-5.06604,-5.06604,-4.67604,-4.13604,-1.88604,2.11396,4.65396,5.20396,5.24396,4.94396,4.93396,5.09396,5.81396,5.46396,5.73396,4.64396,3.85396,3.30396,3.51396,3.12396,2.40396,1.51396,-0.146042,-0.276042,0.443958,2.13396,2.63396,2.70396,3.11396,2.78396,2.20396,2.01396,0.313958,0.153958,-0.376042,-0.0260425,1.33396,1.13396,1.25396,1.96396,1.18396,-0.316042,-0.756042,-1.33604,-2.12604,-1.60604,-1.36604,-1.07604,-0.716042,-0.256042,0.703957,1.25396,1.53396
-1.57604,-2.24604,-3.06604,-3.08604,-5.53604,-4.39604,-2.29604,-3.05604,-2.17604,-2.11604,-1.98604,-0.996042,0.503958,2.47396,4.31396,5.80396,6.51396,7.29396,6.89396,7.27396,7.51396,7.46396,7.25396,6.93396,6.54396,5.78396,5.54396,4.63396,4.91396,4.80396,4.75396,4.34396,3.76396,3.61396,2.85396,3.22396,3.39396,3.90396,4.28396,4.47396,3.48396,2.22396,1.53396,1.39396,1.97396,2.27396,2.42396,2.46396,1.96396,1.91396,2.02396,1.36396,0.833957,0.413958,-0.436042,-0.406042,-0.0760425,0.313958,0.863958,0.423958,1.15396,2.72396,2.90396,3.00396
-0.136042,-0.236042,-0.146042,0.593958,1.14396,2.04396,3.24396,3.97396,4.74396,5.21396,5.48396,5.72396,6.16396,6.84396,7.39396,7.42396,7.57396,7.65396,7.32396,7.14396,6.94396,6.13396,5.94396,5.84396,5.98396,6.41396,6.78396,6.54396,6.47396,6.32396,6.20396,6.07396,6.14396,5.64396,5.39396,5.92396,6.46396,6.66396,6.79396,6.29396,6.23396,6.48396,5.93396,6.31396,5.75396,4.98396,4.89396,4.60396,5.00396,5.22396,4.83396,4.29396,3.97396,3.65396,3.09396,2.72396,2.00396,1.40396,1.77396,3.30396,4.57396,5.70396,5.85396,5.86396
0.323958,0.323958,0.533958,1.42396,1.96396,3.45396,4.44396,5.44396,5.49396,5.58396,5.50396,5.81396,5.96396,6.04396,6.40396,6.96396,6.72396,6.45396,6.03396,5.48396,5.20396,5.05396,5.09396,5.08396,5.05396,5.04396,5.11396,5.63396,5.72396,5.75396,5.79396,5.73396,6.05396,6.55396,7.12396,7.22396,7.06396,6.58396,6.46396,6.42396,6.62396,6.74396,6.80396,6.97396,7.09396,6.95396,6.92396,7.18396,7.00396,7.18396,7.16396,6.73396,6.09396,5.89396,5.73396,6.52396,6.56396,7.13396,7.30396,7.28396,7.24396,7.10396,6.70396,6.12396
1.62396,1.85396,1.77396,2.35396,2.89396,3.43396,4.15396,5.39396,5.90396,5.78396,5.67396,5.69396,5.84396,6.00396,5.68396,5.58396,5.28396,4.99396,4.95396,4.93396,4.89396,4.70396,4.49396,4.32396,4.36396,4.59396,4.65396,4.69396,4.77396,4.79396,5.16396,5.64396,6.18396,6.86396,7.27396,7.13396,7.14396,7.00396,6.17396,5.71396,5.69396,6.27396,6.30396,6.08396,6.28396,6.98396,7.32396,6.52396,6.48396,6.76396,6.95396,6.97396,7.71396,8.06396,7.94396,7.69396,7.49396,7.05396,7.09396,7.05396,6.82396,6.80396,6.78396,7.04396
2.42396,2.64396,2.96396,3.40396,4.08396,4.86396,5.22396,5.33396,5.55396,5.08396,5.26396,5.36396,5.28396,4.93396,4.86396,4.69396,4.90396,5.02396,4.68396,4.40396,4.16396,4.31396,4.40396,4.29396,4.23396,4.00396,3.82396,4.01396,4.35396,4.76396,5.26396,5.82396,6.23396,6.10396,5.88396,5.83396,5.85396,5.79396,6.07396,6.39396,6.13396,5.72396,5.69396,5.84396,5.93396,5.45396,5.37396,6.18396,6.62396,6.71396,6.45396,6.66396,7.04396,7.48396,7.70396,7.71396,7.85396,7.64396,7.85396,7.39396,6.87396,6.81396,7.20396,6.95396
