demo/data.js
{"header": {"parameterUnit":"m.s-1","parameterNumber":2,"parameterCategory":2,"parameterNumberName":"U-component_of_wind","dx":1,"dy":1,"la1":90,"la2":-90,"lo1":0,"lo2":359,"nx":360,"ny":181,"refTime":"2017-10-20T20:00:00.000Z\n"}, "data":
[rows 87 to 115 of 181, columns 198 to 263 of 360]
-7.1783,-7.2283,-7.0083,-6.5783,-6.3683,-6.5083,-6.8783,-7.2183,-7.4183,-7.5983,-7.5983,-7.4983,-7.5283,-7.5483,-7.5483,-7.4383,-7.2683,-7.0383,-6.8783,-6.9483,-7.0683,-7.0483,-6.6783,-6.7783,-6.9083,-6.9783,-6.9483,-6.6583,-6.6283,-6.8583,-6.0783,-5.4283,-4.8583,-4.2183,-3.8783,-3.8183,-3.7983,-3.7683,-3.8083,-3.3783,-3.3883,-3.7083,-3.4283,-3.1483,-3.1583,-3.3383,-3.4383,-3.2483,-3.1083,-2.6783,-2.2783,-2.1683,-1.8783,-1.4183,-1.4383,-1.5683,-1.5083,-1.0783,-0.888303,-0.708303,-0.618303,-0.628303,-0.338303,0.121697,0.0316968,0.471697
-7.6683,-8.0183,-7.6383,-7.4583,-6.0183,-5.0683,-6.9983,-7.7483,-7.8983,-7.7683,-7.7683,-7.7883,-7.8783,-7.8683,-7.7383,-7.6283,-7.5583,-7.3983,-7.1783,-7.1783,-6.9983,-7.0583,-7.4283,-7.2983,-7.4383,-7.7483,-7.5883,-7.4383,-7.0083,-6.9583,-6.4683,-5.9283,-5.6783,-5.2483,-4.9683,-4.6683,-4.3683,-4.3183,-4.5583,-4.2483,-3.7683,-3.6583,-4.0383,-4.0083,-4.0883,-4.1183,-3.7083,-3.9683,-3.8483,-3.0583,-2.8483,-2.7283,-2.5783,-2.0683,-1.8383,-2.0883,-2.0483,-1.6083,-1.2683,-1.5783,-1.5883,-1.7483,-1.6083,-1.3783,-0.878303,-0.218303
-8.1883,-8.2883,-7.6483,-7.0783,-6.2583,-5.6483,-6.7983,-7.3583,-7.2483,-7.4883,-7.6683,-7.7883,-7.9183,-7.9883,-7.9283,-7.7883,-7.6583,-7.4783,-7.1383,-6.8083,-6.9083,-7.0383,-7.0383,-7.3683,-7.3883,-6.9683,-7.4683,-7.5683,-7.3783,-6.7683,-6.3383,-6.3283,-6.3183,-5.9983,-5.2683,-4.6483,-4.3583,-3.9283,-4.1883,-4.1283,-3.5983,-3.7483,-3.9783,-3.8783,-4.1283,-3.8583,-3.1983,-3.8183,-4.0683,-3.8183,-3.3883,-3.3583,-3.0483,-2.4883,-2.2283,-2.0383,-2.0783,-1.6383,-1.9683,-2.3683,-2.6283,-2.5483,-2.4383,-2.2583,-1.8483,-1.4883
-7.8583,-7.8083,-7.4983,-6.9383,-6.2783,-6.0783,-6.2483,-6.5883,-7.0683,-7.2583,-7.4583,-7.8983,-7.9583,-7.8183,-7.7683,-7.6183,-7.6683,-7.4783,-6.8983,-6.4383,-6.2283,-6.2083,-6.1783,-6.3183,-6.8083,-7.3983,-6.8083,-6.8883,-7.0283,-6.8283,-6.5883,-5.9783,-5.5483,-5.5583,-5.1583,-4.6183,-4.1283,-4.0283,-4.2283,-4.0683,-3.8683,-3.5883,-3.6183,-3.4983,-3.5883,-3.6983,-3.4583,-3.2283,-3.5483,-3.7383,-3.3083,-3.2183,-2.7083,-2.4883,-2.4883,-2.4583,-1.7783,-1.7683,-2.4283,-2.9483,-2.8983,-2.8583,-2.9283,-2.9983,-2.7883,-2.4283
-7.2283,-7.1083,-7.0183,-6.7483,-6.1083,-5.3783,-5.7983,-6.1883,-6.7483,-7.0583,-7.1683,-7.5083,-7.8383,-7.7283,-7.4683,-7.4983,-7.5583,-7.3783,-7.1483,-6.8783,-6.6183,-6.0283,-6.0283,-6.2083,-6.4683,-6.7283,-6.8683,-6.8883,-6.8683,-6.8683,-6.5683,-6.4483,-5.6383,-5.2583,-5.0883,-4.7083,-4.4183,-4.1983,-4.0983,-4.7083,-4.7683,-4.5683,-3.8183,-3.6283,-3.5783,-3.6583,-3.7683,-3.3883,-3.4083,-3.5383,-3.5283,-3.3083,-3.4183,-3.5183,-3.2983,-2.8983,-2.2683,-2.5383,-2.8983,-3.0783,-3.2683,-3.1583,-3.2783,-3.4883,-3.3083,-2.9483
-7.2183,-6.8683,-6.2483,-6.2483,-5.9783,-5.1283,-5.5583,-6.3583,-7.1683,-7.0083,-7.4483,-7.6283,-7.9983,-7.8483,-7.5383,-7.5083,-7.5483,-7.7583,-7.4483,-7.1383,-6.8683,-6.3683,-6.3683,-6.7783,-7.1183,-7.1683,-7.0983,-7.0883,-7.1683,-7.2083,-7.0483,-6.8783,-6.0083,-5.1683,-5.1783,-4.5983,-4.0183,-4.0283,-4.6083,-4.6083,-4.9583,-4.4783,-4.2583,-4.1083,-4.1883,-4.1683,-3.9083,-3.8083,-3.7183,-3.7383,-3.7983,-3.7583,-3.7083,-3.6183,-3.5883,-3.2083,-3.6483,-3.5583,-3.4483,-3.7783,-3.8883,-3.9383,-4.0983,-4.2383,-3.9983,-3.6183
-7.5683,-7.3583,-7.1683,-6.6983,-6.1683,-6.3583,-6.9783,-6.7383,-6.7983,-7.3283,-7.3983,-7.6583,-8.1283,-8.2183,-7.8883,-7.6883,-7.5783,-7.7383,-7.8183,-7.6383,-7.3883,-7.1583,-6.8583,-7.3483,-7.8783,-8.1283,-8.1883,-7.8983,-7.6883,-7.1983,-6.7283,-6.3483,-6.3683,-5.2683,-5.2883,-4.9483,-4.5683,-4.4483,-4.5783,-5.2683,-5.2283,-5.0283,-5.0683,-5.0783,-4.7283,-4.6983,-4.7683,-4.4083,-4.1083,-3.6983,-4.1683,-4.4083,-4.3283,-3.9283,-4.2983,-4.4283,-4.5883,-4.8783,-4.4083,-4.4783,-4.4883,-4.6383,-4.6583,-4.6583,-4.5783,-4.4583
-7.2583,-7.9883,-7.3983,-7.2683,-7.3283,-7.2983,-7.2883,-5.3583,-7.6483,-8.1483,-8.1483,-8.1183,-8.5683,-8.4083,-7.7483,-7.6383,-7.7883,-7.8683,-7.6983,-7.3883,-7.4383,-7.4983,-7.3283,-7.6083,-7.8883,-8.0483,-8.1283,-8.0983,-7.8883,-7.4183,-6.8583,-6.0583,-5.8583,-5.2483,-5.2583,-5.3583,-5.3383,-5.4183,-5.3283,-5.3583,-5.5083,-5.4583,-5.2383,-5.8683,-5.6783,-5.4683,-4.9983,-4.3583,-4.3983,-4.0183,-4.6783,-4.8183,-4.8383,-4.6983,-4.3483,-5.2783,-5.5883,-5.4583,-5.8283,-5.4283,-4.9483,-4.8883,-5.0083,-4.9683,-5.0183,-5.0383
-8.0783,-7.7583,-7.8483,-7.6783,-7.1883,-6.9683,-6.8383,-7.5783,-7.8583,-7.7483,-7.2083,-7.0983,-7.7483,-8.0583,-8.2883,-8.2483,-7.8483,-7.6583,-7.5783,-7.5683,-7.7983,-7.7383,-7.7183,-7.7683,-7.8383,-7.8383,-7.8483,-7.8083,-7.6583,-7.4983,-7.0283,-6.5283,-5.9683,-5.4283,-5.3483,-5.4783,-5.7283,-5.8583,-5.5283,-5.4383,-5.3983,-5.4283,-5.7083,-6.0783,-6.2083,-5.6683,-5.4683,-4.5283,-4.4683,-4.0283,-4.4183,-5.3383,-5.4883,-5.3383,-5.2383,-5.8083,-6.1083,-6.6183,-6.8183,-6.3183,-5.4583,-5.2083,-5.0983,-5.3483,-5.4483,-5.4983
-7.8883,-7.6083,-7.5183,-7.3683,-7.2483,-7.2683,-6.8383,-7.7183,-7.6183,-7.1783,-6.7783,-6.5683,-6.9483,-7.1483,-7.5683,-8.0783,-8.1483,-7.7783,-7.1483,-6.7783,-7.1983,-7.9683,-7.8083,-7.4583,-7.5483,-7.5583,-7.6383,-7.5883,-7.4483,-7.1283,-6.8983,-6.6483,-6.2883,-5.7583,-5.9583,-5.9483,-5.8283,-5.8383,-5.7383,-5.5883,-5.4583,-5.3483,-5.7483,-6.1283,-6.4283,-5.8783,-5.2583,-4.2783,-4.8383,-4.3583,-4.4183,-5.1283,-6.0183,-5.6583,-5.8683,-5.9083,-6.3883,-6.9183,-7.3283,-7.4683,-6.0483,-5.4483,-5.3383,-5.6283,-5.6283,-5.7283
-7.1483,-7.3183,-7.1883,-7.0983,-6.8183,-6.9183,-7.1783,-7.6783,-7.5283,-7.1983,-7.0283,-6.8983,-6.7483,-6.9083,-7.3483,-7.7083,-7.5983,-7.3783,-7.1283,-7.1583,-7.1483,-7.3583,-7.2483,-7.2283,-7.2083,-7.3383,-7.3883,-7.2583,-7.0183,-6.8783,-6.6183,-6.3383,-6.1983,-6.1283,-6.0783,-5.9683,-5.9683,-5.9083,-5.6783,-5.3283,-5.3083,-5.6483,-5.4583,-5.9683,-6.0983,-6.0283,-5.5883,-5.4483,-4.6183,-4.9983,-5.0183,-4.8683,-5.6083,-6.0983,-6.0383,-6.0383,-6.4883,-6.7983,-7.2983,-7.5183,-6.7383,-5.7583,-5.6383,-5.9983,-5.9083,-5.9783
-6.1883,-6.6983,-6.8883,-6.8483,-5.9583,-5.6883,-6.5483,-7.8783,-7.6483,-6.9783,-6.5683,-6.7483,-6.7583,-6.6283,-6.7983,-6.8183,-6.6883,-6.4083,-6.6283,-6.7783,-7.0283,-7.0983,-6.9683,-6.8383,-7.0583,-7.2083,-7.2283,-7.0783,-6.8583,-6.5783,-6.3683,-6.2183,-5.9883,-6.1183,-6.3783,-6.3983,-6.3183,-6.0483,-5.6583,-5.3783,-5.4483,-5.5983,-6.0283,-5.8083,-6.0083,-5.7383,-5.5383,-5.6183,-5.5083,-5.4383,-5.6083,-5.9283,-5.8083,-6.1883,-6.2183,-6.1383,-6.4283,-6.7283,-7.0383,-7.2783,-7.0883,-6.1583,-5.6983,-6.0083,-6.2083,-6.2183
-5.6783,-5.7083,-6.6983,-6.6183,-6.7183,-7.3383,-8.5483,-7.9283,-7.0883,-6.3083,-5.9883,-6.1383,-6.6883,-6.7683,-6.6283,-6.6583,-6.4383,-6.4583,-6.2983,-6.1383,-6.3883,-6.8083,-7.2583,-7.0183,-6.8083,-6.9883,-7.0683,-6.9583,-6.8783,-6.5583,-6.0883,-5.8383,-5.8083,-5.9083,-6.1883,-6.5483,-6.4383,-6.2783,-6.2083,-5.8983,-5.6083,-5.9083,-5.9183,-5.7183,-5.7683,-5.5583,-5.5283,-5.6383,-5.5583,-5.5583,-5.9583,-6.3883,-6.4683,-6.3183,-6.5483,-6.4883,-6.3583,-6.8783,-6.8683,-6.7883,-7.1783,-6.7383,-6.1183,-6.1883,-6.4283,-6.3983
-4.9183,-5.7983,-6.8383,-7.5483,-8.0383,-7.7583,-7.5083,-6.9683,-6.2983,-5.5083,-5.7883,-6.5983,-7.0383,-7.1783,-6.7783,-6.5883,-6.3383,-6.0883,-6.0383,-5.6783,-5.1783,-5.6983,-5.9383,-6.8583,-6.6083,-6.3083,-6.3683,-6.3883,-6.3883,-6.5683,-6.2183,-5.8683,-5.6683,-5.8083,-6.0583,-6.4083,-6.3883,-6.3083,-6.5483,-6.0683,-5.7983,-5.9583,-5.5883,-5.6283,-5.2983,-5.3283,-5.4883,-5.5983,-5.3483,-5.8283,-5.8783,-6.1883,-6.4083,-6.4383,-6.3583,-6.5683,-6.6783,-6.8983,-7.3483,-6.8783,-6.8283,-7.3483,-6.7483,-6.2483,-6.8083,-6.6583
-4.7883,-5.1883,-6.7383,-7.5683,-8.3483,-7.6383,-7.1083,-6.5683,-5.6083,-6.6483,-9.1183,-10.0783,-10.0283,-9.6483,-9.0783,-8.7283,-8.4883,-8.0783,-8.7183,-9.1283,-10.7783,-10.0183,-9.8783,-9.0083,-7.7383,-7.0183,-7.1083,-5.7083,-4.7683,-5.4283,-5.8883,-5.8483,-5.8983,-5.8883,-6.0283,-6.3683,-6.3283,-6.2083,-6.2383,-6.0683,-5.9483,-5.6683,-5.3983,-5.2583,-5.0083,-5.2783,-5.2883,-5.1683,-5.5883,-5.4683,-5.7683,-5.8983,-6.0883,-6.4483,-6.4383,-6.9483,-6.6983,-7.0683,-7.1783,-7.0483,-6.6983,-7.4583,-7.4583,-6.7283,-7.0883,-6.9383
-4.0983,-5.1383,-6.4983,-7.6083,-7.6983,-7.5583,-6.8083,-6.1183,-7.4283,-9.3483,-10.2583,-10.2583,-9.8983,-8.9083,-8.4383,-8.4583,-8.5983,-8.8283,-9.5583,-9.9283,-10.1683,-10.1983,-10.7183,-10.6483,-10.3683,-10.3383,-9.7883,-9.4783,-9.0583,-8.1883,-5.7083,-5.2483,-5.5983,-6.0283,-5.9883,-6.2083,-6.3483,-6.1683,-6.1483,-6.1783,-5.9683,-5.6483,-5.6983,-5.1983,-5.0083,-4.8583,-4.8083,-4.9083,-5.3083,-5.4083,-5.5883,-5.8183,-5.9183,-6.0283,-6.3483,-6.6583,-6.9983,-7.0483,-6.9583,-7.4183,-7.1383,-7.5483,-8.0083,-7.5483,-7.2783,-7.3883
-3.6283,-4.5983,-6.3483,-6.7383,-7.3683,-7.4683,-6.4683,-5.9583,-8.3483,-9.4783,-10.0983,-9.9983,-9.8883,-9.2783,-8.3683,-7.9183,-8.1183,-8.5483,-9.2283,-9.4883,-9.6183,-9.9583,-10.3383,-10.1583,-10.2983,-10.2383,-10.0483,-9.9683,-9.9283,-9.3883,-9.7583,-9.2083,-8.3283,-8.2283,-7.0583,-6.7183,-6.3783,-5.9683,-5.8283,-5.5383,-5.8183,-5.7683,-5.5783,-5.3483,-5.1683,-4.7183,-4.6683,-4.9383,-4.8983,-5.1283,-5.3583,-5.4283,-5.5983,-5.9183,-6.2983,-6.7083,-7.1283,-7.2483,-6.9583,-7.2383,-7.7583,-7.8183,-8.2183,-8.2083,-7.4583,-7.5483
-3.6383,-4.6283,-6.6083,-6.5483,-6.9583,-7.1683,-5.9983,-6.4283,-8.4283,-9.3283,-9.9683,-9.7683,-9.7083,-9.4483,-8.8883,-8.3383,-8.0483,-8.6083,-8.9783,-9.3183,-9.8183,-9.9383,-9.9883,-9.8383,-9.8383,-9.7383,-9.6983,-9.6183,-9.4983,-9.5983,-9.5883,-9.2683,-9.4383,-9.6583,-9.2283,-8.5883,-7.5283,-8.0683,-7.9783,-7.4383,-6.3483,-5.2283,-5.1983,-4.8483,-5.1383,-4.8083,-4.5883,-4.7083,-4.7183,-4.7583,-4.9783,-5.1383,-5.3383,-5.6483,-6.1283,-6.6083,-6.9783,-7.2683,-7.3083,-7.1083,-7.8583,-7.9383,-8.3283,-8.3083,-7.9383,-7.6383
-3.8983,-4.5283,-6.2983,-6.3383,-6.8883,-6.6783,-5.4983,-6.7783,-8.2783,-9.2583,-9.5883,-9.6983,-9.6283,-9.1283,-8.6683,-8.9583,-9.1183,-8.8683,-9.1683,-9.2083,-9.5183,-9.5983,-9.4283,-9.3683,-9.2983,-9.4583,-9.4083,-9.4283,-9.5483,-9.6283,-9.3083,-9.0883,-9.0183,-8.9483,-8.8083,-8.5783,-7.8083,-7.3283,-7.1683,-6.9283,-5.9983,-5.7083,-6.1783,-4.1583,-4.3783,-4.2383,-4.3083,-4.0783,-4.1783,-4.4883,-4.3583,-4.8583,-5.1483,-5.4683,-5.8583,-6.3183,-6.9783,-7.2283,-7.2483,-7.3983,-7.5583,-7.9683,-8.0183,-8.1883,-8.0883,-7.8683
-4.0783,-4.9883,-5.9083,-6.4583,-6.4783,-6.0883,-5.6883,-6.6483,-7.9583,-9.1383,-9.1683,-9.5083,-9.4183,-8.9683,-8.7183,-8.8183,-9.1983,-9.5783,-9.2483,-9.6383,-9.7283,-9.7083,-9.6583,-9.3683,-9.3183,-9.3683,-9.2783,-9.2983,-9.3283,-9.2283,-9.0783,-8.7083,-8.7683,-9.0283,-8.6783,-8.1283,-7.5483,-6.3783,-6.1083,-5.9983,-5.1283,-4.4683,-3.7483,-4.1883,-4.9483,-2.7983,-2.9483,-3.5783,-3.6383,-3.9083,-4.3983,-4.5983,-4.4683,-5.0783,-5.8883,-6.5083,-6.6483,-6.5983,-6.7383,-6.9883,-7.0883,-7.5383,-7.5883,-7.6583,-7.8983,-7.9483
-3.6383,-4.3883,-5.3283,-5.8883,-5.6483,-5.4383,-5.2283,-5.8283,-7.1983,-8.8483,-8.7883,-9.1283,-9.3483,-9.0583,-8.8083,-8.8783,-9.3683,-9.4883,-9.2983,-9.0183,-9.2483,-9.5783,-9.6783,-9.5083,-9.6883,-9.9083,-9.8883,-9.7583,-9.6583,-8.9483,-8.9483,-9.0183,-8.8983,-8.4683,-8.3783,-7.5583,-6.7183,-5.6283,-5.1783,-4.6783,-3.9583,-3.3583,-3.0483,-3.0183,-2.5083,-4.1883,-1.6483,-2.0683,-2.7783,-3.1183,-3.8883,-4.5983,-4.1783,-4.3383,-5.3583,-5.4783,-5.3383,-5.7483,-6.0983,-6.5683,-6.9683,-7.1683,-7.2683,-7.5983,-7.9083,-8.0883
-2.6983,-3.5783,-3.7883,-4.5783,-4.8583,-4.6683,-4.4583,-5.5583,-6.7983,-8.3283,-8.4883,-8.7383,-8.9383,-8.8183,-8.7183,-9.0983,-9.6983,-9.6683,-9.4883,-9.3283,-9.4783,-9.8783,-10.0783,-9.8383,-9.5683,-9.9083,-9.6783,-9.5583,-9.6483,-9.5483,-9.7383,-9.5883,-9.1583,-8.5483,-7.9083,-6.6783,-5.6583,-4.8683,-4.2183,-3.5483,-2.6183,-2.3783,-2.6383,-2.5283,-2.1083,-1.5183,-2.7083,-2.2483,-0.678303,-2.0183,-2.7183,-3.6283,-3.1383,-4.0083,-4.0583,-4.4083,-4.6383,-5.6183,-5.5883,-6.0683,-6.4683,-6.8383,-7.2083,-7.3583,-7.8083,-7.9183
-1.2383,-1.2983,-2.3883,-3.1883,-3.4183,-3.7583,-4.3983,-5.3383,-7.0283,-7.5983,-8.0883,-8.2583,-8.7183,-8.8583,-9.0883,-9.6283,-9.5483,-9.4883,-9.2483,-8.8383,-9.3783,-9.8283,-9.6883,-9.5483,-9.7083,-10.0083,-9.9783,-9.5583,-9.0483,-8.9583,-8.6283,-8.3883,-8.2383,-7.8083,-7.2683,-6.2083,-5.2083,-4.1583,-3.3783,-3.0383,-1.7483,-1.0383,-0.798303,-2.0583,-1.8183,-0.948303,-0.438303,-1.2383,-2.6283,0.891697,-1.3683,-2.2983,-1.7783,-2.8383,-2.9983,-3.1883,-3.9583,-4.6383,-4.8883,-5.7883,-5.9983,-6.4783,-6.9883,-7.2783,-7.5183,-7.6683
-0.608303,-0.698303,-1.3483,-1.9383,-2.8083,-3.3483,-3.7283,-4.8983,-6.3883,-6.8683,-7.6083,-7.8383,-8.3883,-8.6883,-8.9683,-9.3183,-9.4283,-9.0483,-9.0783,-9.6983,-10.0283,-9.8883,-10.0483,-10.0183,-9.8883,-9.7883,-9.3983,-8.7083,-8.1283,-8.0283,-8.1583,-8.1783,-8.0983,-7.4983,-6.8383,-6.3183,-5.2783,-4.2283,-2.9183,-2.2983,-3.1683,-3.0783,-2.8283,-1.5083,-0.958303,-0.0483032,0.581697,1.0117,-0.358303,-2.0283,-1.0783,-0.598303,-0.508303,-0.858303,-1.5283,-2.1083,-3.0383,-3.6683,-4.2783,-5.1483,-5.4783,-6.2183,-6.7883,-6.9083,-7.1483,-7.2983
-2.3683,-1.2083,-1.1583,-0.418303,-1.9083,-2.3683,-3.3183,-4.3483,-5.7583,-6.3983,-6.8783,-7.5583,-8.0983,-8.4883,-8.6083,-8.8383,-9.1183,-9.1383,-9.2483,-9.3783,-9.5883,-9.7983,-9.9483,-9.7383,-9.3983,-9.0983,-8.6183,-8.2083,-7.8383,-7.4683,-8.2983,-7.9783,-7.5183,-5.9583,-6.6683,-6.6283,-6.2083,-4.4183,-3.5983,-2.9083,-3.3083,-3.2083,-1.8783,-0.838303,0.991697,1.1017,1.1917,2.0017,2.2117,0.701697,-0.468303,-1.2283,1.2517,0.551697,-0.138303,-0.968303,-2.7083,-3.2983,-3.9183,-4.3583,-4.5983,-5.5683,-5.9983,-6.7183,-6.7783,-7.1083
-6.9383,-6.5583,-3.3283,0.371697,-0.428303,-1.2683,-2.9283,-3.9483,-5.0583,-5.1983,-6.1383,-7.2483,-7.6483,-8.0783,-8.3383,-8.4883,-8.6483,-8.2983,-8.2783,-8.8783,-9.4683,-9.9383,-9.7583,-9.3083,-8.9583,-8.9783,-8.9283,-8.3383,-8.0283,-7.3783,-6.8383,-7.1383,-6.9683,-7.1683,-7.0383,-7.1683,-7.1583,-5.5283,-3.5183,-3.3383,-2.8983,-2.2083,-1.5083,-0.348303,1.0417,2.4217,2.8617,3.2817,3.3117,3.4017,2.5617,1.0217,0.811697,3.2517,1.8317,0.121697,-0.858303,-2.3183,-2.8983,-3.5983,-4.1083,-5.1483,-5.7283,-6.5383,-6.7383,-6.9083
-3.5883,-4.6483,-4.4083,-1.5783,2.6517,-1.2683,-2.7683,-4.2783,-4.8783,-5.1183,-5.3783,-6.1483,-7.1383,-7.8583,-7.9683,-8.1483,-8.2283,-8.0383,-8.2983,-8.5783,-8.8283,-9.2083,-9.2183,-8.8583,-8.6983,-8.5883,-8.3583,-7.3583,-6.8083,-7.1783,-7.2083,-6.6983,-6.4483,-6.6183,-7.1783,-6.9283,-7.1183,-5.7083,-3.9083,-3.5483,-3.5083,-3.3483,-2.4183,-0.628303,0.421697,1.3217,2.6017,3.6517,4.3017,4.5817,4.1717,3.8217,2.7717,2.7117,3.4217,2.0717,0.491697,-0.688303,-2.0283,-2.9783,-3.4683,-4.7883,-5.3283,-6.0783,-6.3383,-6.2283
-2.7983,-2.6883,-3.3283,-3.3983,-1.7383,-0.608303,-3.4983,-4.4583,-5.0983,-5.1883,-4.7783,-4.7983,-6.5683,-7.2383,-7.4983,-7.8783,-7.8883,-7.9483,-8.1483,-8.4083,-8.6183,-8.8983,-8.9283,-8.6383,-8.2783,-8.1383,-7.8183,-6.9483,-6.1683,-6.4383,-7.2283,-6.9283,-5.8383,-6.0483,-6.1383,-5.9083,-6.1083,-5.6483,-4.4683,-3.2683,-3.0383,-3.1883,-2.9983,-2.3483,-0.828303,0.161697,1.3217,2.8917,4.2517,4.9417,5.3217,5.0617,4.3517,3.9117,2.5617,2.8117,2.2017,0.331697,-0.948303,-1.8683,-2.3583,-4.0383,-4.1483,-5.3083,-5.5283,-5.3883
-2.3483,-2.7383,-3.5583,-3.0883,-3.7683,-0.158303,-3.1283,-4.1983,-4.8083,-4.2983,-4.3083,-4.8983,-5.6583,-6.5883,-6.8683,-7.3483,-7.5883,-7.6883,-7.8683,-7.8283,-7.9883,-8.5083,-8.5383,-8.1183,-7.7883,-8.0183,-8.0783,-7.3683,-6.6283,-6.9383,-7.0183,-5.9683,-6.1383,-5.7483,-5.3283,-5.0183,-5.0383,-5.0483,-4.6483,-3.5283,-2.4983,-2.3483,-2.4183,-2.0783,-1.5083,-0.698303,0.481697,1.3817,2.5517,3.2317,4.4117,5.6517,5.4917,4.3217,4.3717,3.6917,3.6917,1.8017,0.401697,-0.518303,-1.0283,-2.4783,-3.1383,-3.8583,-4.8283,-5.6683
