demo/data.js
{"header": {"parameterUnit":"m.s-1","parameterNumber":3,"parameterCategory":2,"parameterNumberName":"V-component_of_wind","dx":1,"dy":1,"la1":90,"la2":-90,"lo1":0,"lo2":359,"nx":360,"ny":181,"refTime":"2017-10-20T20:00:00.000Z\n"}, "data":
[rows 87 to 115 of 181, columns 128 to 191 of 360]
5.40396,4.32396,5.43396,4.69396,5.00396,4.29396,3.55396,3.05396,2.10396,1.86396,1.61396,0.643957,0.973958,1.94396,2.30396,2.94396,2.93396,2.86396,3.13396,3.56396,3.85396,4.27396,4.91396,4.92396,5.64396,5.54396,5.38396,6.48396,7.66396,6.91396,5.93396,6.18396,6.60396,6.61396,6.93396,6.50396,6.19396,6.37396,6.08396,5.49396,4.93396,4.49396,4.28396,3.96396,4.62396,4.73396,5.47396,5.27396,4.95396,4.25396,3.99396,4.40396,4.68396,3.96396,3.91396,3.60396,2.93396,2.47396,2.19396,2.19396,2.36396,2.75396,3.15396,3.33396
2.31396,6.48396,5.26396,3.85396,4.07396,3.23396,1.97396,0.933958,0.333958,0.153958,-0.246042,0.503958,0.743958,1.65396,2.94396,2.56396,2.88396,3.32396,3.62396,4.00396,4.32396,4.98396,5.34396,6.13396,6.79396,6.94396,6.82396,6.77396,5.89396,5.90396,6.09396,6.18396,6.35396,6.18396,5.97396,5.45396,5.41396,5.51396,5.19396,4.56396,3.88396,3.62396,3.44396,4.01396,4.48396,4.70396,4.87396,5.14396,5.08396,5.27396,4.28396,3.49396,3.07396,2.68396,2.19396,1.66396,1.34396,1.15396,1.44396,1.52396,1.70396,2.32396,2.75396,3.04396
0.913958,4.69396,4.51396,2.93396,2.78396,1.36396,0.203958,-0.696042,-1.79604,-1.23604,0.203958,0.103958,1.27396,2.58396,2.80396,2.86396,2.99396,3.24396,3.70396,3.99396,4.46396,4.67396,4.99396,5.25396,5.20396,5.40396,5.38396,5.51396,5.78396,6.12396,6.35396,6.19396,5.80396,5.26396,4.90396,4.66396,4.85396,4.76396,4.18396,3.58396,2.92396,2.65396,2.60396,3.52396,3.36396,3.87396,4.01396,4.18396,4.17396,3.42396,2.92396,2.21396,1.32396,1.32396,0.913958,0.233958,-0.336042,-0.276042,-0.0960425,0.363958,1.02396,1.42396,1.64396,2.06396
0.373958,3.56396,3.99396,2.58396,1.11396,0.903958,-0.856043,-1.52604,-1.72604,-2.13604,-2.24604,-0.656042,0.623958,1.21396,1.56396,2.34396,3.15396,3.49396,3.65396,3.93396,4.43396,4.58396,4.45396,4.33396,4.55396,4.99396,5.46396,5.59396,5.82396,6.17396,6.31396,5.96396,5.14396,4.47396,4.06396,3.80396,3.80396,3.73396,2.91396,2.50396,1.92396,1.55396,1.65396,2.60396,2.49396,2.71396,3.03396,3.21396,2.98396,2.19396,1.48396,1.03396,0.363958,-0.756042,-0.986042,-1.29604,-1.71604,-1.76604,-1.63604,-1.24604,-0.826042,-0.366042,0.193958,0.453958
0.883958,2.98396,3.68396,1.16396,-0.136042,-0.106042,1.97396,-1.54604,-0.676042,-0.606043,-0.446042,-0.746042,-1.11604,-0.436042,0.263958,1.14396,1.87396,2.87396,3.63396,4.34396,4.70396,5.02396,4.89396,5.57396,4.95396,5.53396,5.70396,5.71396,5.77396,5.97396,5.98396,5.34396,4.60396,3.92396,3.25396,2.80396,2.66396,2.51396,1.64396,1.02396,0.823958,0.513958,0.563958,0.733958,0.933958,1.43396,1.77396,1.71396,1.83396,1.52396,1.52396,1.38396,0.473958,-0.586042,-2.28604,-2.63604,-2.41604,-2.61604,-2.53604,-2.44604,-2.56604,-2.15604,-1.66604,-1.00604
4.09396,-1.68604,2.18396,3.38396,0.653958,-0.946042,-0.496042,0.733958,0.0639575,0.653958,0.543958,1.11396,1.20396,0.583957,0.543958,0.0839575,0.743958,2.26396,3.30396,1.86396,4.91396,5.64396,5.13396,6.67396,4.38396,5.90396,6.04396,5.98396,5.90396,5.95396,5.40396,4.54396,3.68396,3.01396,2.45396,1.99396,1.68396,1.35396,0.673958,-0.126042,-0.486042,-0.176042,-0.326042,-0.916043,-0.706042,0.0539575,0.503958,0.603958,0.983958,0.883958,0.743958,1.15396,1.01396,0.643957,-0.106042,-1.18604,-1.59604,-1.72604,-2.55604,-3.31604,-3.19604,-2.86604,-2.30604,-1.60604
3.77396,1.35396,2.72396,3.77396,3.13396,0.833957,0.573958,3.14396,0.773957,-0.0260425,-0.376042,-1.23604,0.483958,1.03396,1.97396,2.49396,2.24396,2.92396,3.40396,3.97396,4.76396,5.35396,5.08396,5.68396,4.41396,4.91396,6.95396,6.57396,6.13396,5.45396,4.66396,3.85396,2.94396,1.97396,1.38396,0.803958,0.153958,-0.0260425,-1.14604,-1.04604,-1.45604,-1.34604,-1.09604,-1.86604,-1.91604,-1.20604,-0.816042,-0.526042,-0.0160425,0.343958,0.923958,0.843958,0.763958,0.663958,0.293958,0.0439575,-0.536042,-1.40604,-1.84604,-2.45604,-3.37604,-2.72604,-2.24604,-1.59604
1.60396,1.37396,1.98396,4.32396,5.40396,0.893957,1.88396,-0.396042,-0.786042,-1.32604,-0.816042,1.16396,1.94396,-0.0960425,-0.156042,0.0939575,0.643957,1.76396,3.33396,3.72396,4.80396,5.28396,4.49396,4.21396,3.70396,3.25396,8.49396,7.54396,4.56396,4.33396,3.91396,3.35396,2.39396,1.48396,0.773957,0.203958,0.253958,0.393958,-1.39604,-2.25604,-2.26604,-2.11604,-1.81604,-2.76604,-3.13604,-2.46604,-2.17604,-1.96604,-1.58604,-1.06604,-0.426042,0.163958,0.523957,1.17396,1.36396,0.933958,0.643957,0.523957,-0.846042,-2.33604,-1.53604,-2.37604,-1.91604,-0.546043
2.69396,2.76396,2.03396,3.21396,4.27396,3.93396,-0.236042,0.243958,-1.49604,-0.676042,-0.796043,-0.0160425,-1.06604,-0.846042,0.973958,1.83396,1.88396,-0.196042,1.04396,5.25396,5.48396,5.40396,3.58396,1.07396,1.53396,5.61396,6.66396,4.28396,3.45396,3.40396,3.37396,3.37396,3.47396,2.99396,1.28396,0.843958,-0.146042,-1.03604,-1.20604,-1.61604,-2.90604,-2.91604,-2.99604,-2.88604,-3.69604,-3.19604,-3.08604,-2.98604,-2.70604,-2.70604,-1.99604,-1.41604,-0.356042,0.803958,1.15396,1.30396,1.11396,0.493958,0.393958,-0.846042,-2.35604,-0.916043,0.453958,0.273958
2.72396,2.11396,2.25396,3.23396,3.41396,4.32396,1.12396,-0.426042,-0.466042,-1.54604,1.06396,0.583957,0.203958,-0.446042,-0.136042,-1.32604,-1.04604,-1.03604,0.243958,2.96396,6.90396,0.703957,-0.0460425,0.213958,2.96396,4.55396,4.38396,0.473958,1.54396,4.02396,2.25396,2.66396,2.81396,2.13396,2.36396,1.91396,0.933958,-0.126042,-2.05604,-2.18604,-3.13604,-3.82604,-3.87604,-3.95604,-4.02604,-4.53604,-4.21604,-4.16604,-3.94604,-3.55604,-3.29604,-3.01604,-2.12604,-0.936042,0.413958,1.03396,1.33396,1.70396,1.74396,1.32396,-2.56604,-1.07604,-0.596042,-0.476042
3.06396,1.77396,1.68396,1.77396,1.83396,2.95396,2.68396,-0.126042,-2.07604,-2.34604,-1.55604,0.00395752,0.113958,0.113958,0.703957,0.0139575,-0.386042,-0.346042,-0.696042,-0.0760425,4.04396,3.86396,3.43396,2.98396,3.44396,4.17396,3.88396,1.97396,1.37396,0.393958,1.16396,2.32396,2.20396,2.45396,2.33396,2.04396,0.953957,-0.0860425,0.333958,-0.686042,-1.97604,-2.95604,-4.80604,-4.66604,-5.99604,-7.00604,-6.03604,-5.38604,-5.35604,-5.05604,-4.33604,-3.80604,-3.40604,-2.69604,-1.70604,0.0439575,0.933958,1.20396,2.11396,1.35396,-0.686042,-1.07604,-1.69604,-2.15604
2.27396,1.93396,0.993958,0.00395752,0.383958,1.36396,2.66396,1.64396,-2.11604,-0.936042,-0.166042,-1.12604,-0.546043,0.0639575,-0.106042,-0.176042,-1.37604,1.55396,0.00395752,-0.186042,2.61396,4.24396,2.57396,3.50396,2.80396,2.51396,3.04396,3.12396,1.41396,-0.566042,0.863958,0.553958,0.353958,1.04396,1.14396,1.66396,1.56396,0.813958,1.78396,0.273958,-1.79604,-1.87604,-1.40604,-2.38604,-4.68604,-4.84604,-6.72604,-7.60604,-7.01604,-6.63604,-6.14604,-4.99604,-4.27604,-3.94604,-3.10604,-2.24604,-1.06604,-0.476042,0.473958,1.69396,0.443958,-0.916043,-1.71604,-2.75604
1.32396,1.62396,0.883958,-0.576042,-0.956042,-0.0760425,0.573958,2.08396,1.89396,0.523957,-0.296042,-0.886042,0.123958,-0.326042,0.113958,-0.136042,-0.986042,-0.576042,2.10396,0.463958,0.413958,1.61396,1.87396,3.49396,2.20396,1.85396,2.60396,2.27396,2.22396,0.483958,-1.57604,-2.12604,-0.126042,0.753958,3.79396,4.20396,3.11396,1.86396,3.57396,2.54396,-1.85604,-2.54604,-1.78604,-1.38604,-4.02604,-5.13604,-5.19604,-5.07604,-8.29604,-8.18604,-7.55604,-7.09604,-6.01604,-5.28604,-4.79604,-3.87604,-3.20604,-2.46604,-1.72604,-0.646042,0.443958,-0.736042,-0.606043,-0.496042
0.263958,0.523957,0.653958,0.533958,-0.596042,-0.196042,0.0539575,-0.286042,0.433958,0.583957,0.953957,1.03396,0.753958,0.323958,-0.946042,-0.956042,-1.88604,-0.0460425,-0.216042,-1.05604,-0.746042,-1.12604,0.433958,0.833957,2.03396,2.71396,1.29396,1.21396,1.69396,-0.306042,0.483958,1.47396,1.04396,0.823958,4.75396,3.62396,4.19396,4.63396,5.39396,5.18396,3.69396,0.823958,0.183958,-1.24604,-2.71604,-6.86604,-6.00604,-6.74604,-6.05604,-6.71604,-8.07604,-8.34604,-7.34604,-6.83604,-6.69604,-5.89604,-4.81604,-4.12604,-3.63604,-3.26604,-2.27604,-0.836042,-0.276042,0.613958
-0.746042,-0.536042,-0.546043,0.153958,0.183958,-0.126042,0.493958,0.393958,-0.0760425,-0.436042,0.283958,-0.266042,0.483958,1.63396,1.05396,0.923958,0.813958,0.603958,0.533958,-0.226042,0.803958,0.893957,-0.206042,0.953957,0.983958,0.853958,-0.456042,0.513958,1.23396,1.15396,1.69396,2.92396,2.87396,3.04396,1.45396,4.01396,4.28396,5.20396,4.97396,6.51396,6.31396,6.41396,5.67396,2.97396,1.48396,-4.66604,-8.42604,-8.77604,-7.40604,-6.45604,-6.10604,-6.38604,-5.93604,-7.18604,-7.39604,-6.47604,-5.84604,-4.68604,-4.52604,-4.87604,-4.71604,-3.44604,-2.26604,-0.836042
0.373958,-2.20604,-2.48604,-1.35604,-0.456042,0.883958,0.653958,1.92396,1.49396,0.133958,-0.166042,-0.396042,1.42396,1.42396,1.36396,1.83396,3.21396,2.33396,0.873958,0.303958,-0.0960425,-0.456042,0.283958,1.32396,1.39396,1.02396,2.50396,1.86396,2.25396,2.27396,2.32396,2.86396,2.93396,3.00396,2.95396,3.06396,3.68396,4.54396,5.22396,6.18396,6.70396,6.60396,6.70396,6.56396,5.70396,5.34396,-0.106042,-4.13604,-8.13604,-6.41604,-7.12604,-6.41604,-5.23604,-5.16604,-4.58604,-6.20604,-6.08604,-5.40604,-4.32604,-4.37604,-5.48604,-4.75604,-4.23604,-3.03604
-0.556042,-1.27604,-2.36604,-0.586042,-0.676042,-0.0560425,-0.126042,0.433958,-0.226042,0.193958,-0.736042,0.943958,-0.886042,0.893957,0.603958,1.02396,2.90396,3.54396,2.99396,2.74396,1.87396,-0.956042,-0.296042,0.903958,1.14396,1.88396,1.83396,2.29396,2.13396,2.31396,2.73396,2.62396,2.28396,2.69396,3.18396,3.57396,2.02396,2.25396,4.03396,5.21396,6.24396,6.44396,6.78396,6.83396,6.98396,6.53396,6.12396,4.98396,-0.0960425,-5.18604,-4.80604,-10.316,-0.666043,-0.236042,-2.43604,-4.28604,-6.05604,-6.00604,-4.70604,-2.97604,-1.22604,-3.03604,-4.61604,-4.14604
-5.02604,-0.816042,0.553958,-1.66604,-2.01604,-0.316042,0.853958,0.453958,0.713958,0.133958,-0.836042,0.113958,-0.306042,-1.61604,-0.0860425,0.843958,2.99396,3.01396,2.60396,2.34396,2.56396,1.57396,1.27396,1.30396,2.15396,1.99396,1.57396,2.03396,2.54396,2.59396,3.35396,3.30396,3.69396,3.43396,3.62396,4.10396,4.00396,2.42396,3.68396,4.72396,4.90396,5.45396,6.21396,6.49396,7.13396,7.85396,7.28396,7.04396,5.45396,3.81396,-0.266042,-4.45604,-5.25604,-1.04604,-0.826042,-3.86604,-5.64604,-6.29604,-5.10604,-3.13604,-3.17604,-1.04604,-0.316042,-1.99604
-2.21604,-1.82604,0.933958,0.843958,0.383958,-0.166042,0.403958,0.823958,0.513958,0.133958,0.263958,0.293958,-1.92604,-2.07604,-0.366042,-0.776042,0.543958,1.27396,2.56396,1.40396,3.04396,2.59396,2.09396,1.98396,2.48396,2.25396,2.12396,2.32396,2.77396,3.52396,3.39396,3.49396,3.20396,3.31396,4.02396,4.17396,4.47396,4.72396,2.65396,2.95396,4.80396,4.84396,5.88396,6.42396,6.62396,7.17396,7.68396,5.33396,4.73396,5.57396,7.11396,2.56396,-2.43604,0.163958,0.843958,-3.63604,-2.77604,-5.33604,-6.50604,-5.63604,-2.96604,-3.57604,0.113958,0.543958
-0.186042,-3.46604,-0.716042,0.443958,-0.916043,-1.11604,-0.316042,-0.826042,0.633958,0.873958,-0.696042,-1.21604,-1.37604,-3.40604,-1.22604,-0.446042,-0.506042,0.853958,3.92396,2.66396,2.19396,2.85396,2.98396,2.57396,1.52396,1.41396,0.723958,0.883958,1.87396,2.36396,2.46396,2.95396,3.27396,3.76396,3.99396,4.27396,4.14396,3.91396,2.95396,2.24396,3.64396,5.07396,5.48396,5.80396,6.36396,6.97396,7.29396,4.75396,2.98396,3.59396,4.91396,5.37396,7.14396,6.62396,7.14396,5.51396,3.20396,-0.346042,-2.08604,-3.94604,-3.93604,-4.05604,-2.26604,-0.486042
2.92396,3.46396,3.66396,2.37396,2.99396,2.48396,-0.296042,1.81396,1.41396,1.08396,1.28396,2.39396,1.65396,-0.506042,-2.36604,-1.04604,0.273958,-0.226042,2.95396,2.47396,2.16396,1.94396,2.03396,2.12396,1.78396,1.53396,1.05396,0.183958,0.463958,1.34396,1.70396,1.80396,2.17396,2.89396,3.09396,3.16396,3.56396,4.10396,3.62396,3.43396,3.78396,3.65396,3.42396,4.51396,5.13396,5.69396,6.92396,7.25396,3.81396,2.83396,5.08396,2.28396,3.04396,4.31396,4.78396,5.41396,4.36396,3.75396,2.50396,-1.47604,-6.09604,-4.71604,-5.96604,-2.69604
1.52396,3.03396,3.47396,4.16396,4.17396,4.79396,4.31396,4.35396,5.72396,3.54396,7.48396,2.90396,4.20396,3.83396,-1.28604,-1.33604,0.113958,0.603958,0.993958,1.69396,1.78396,1.41396,1.62396,1.85396,2.59396,1.56396,1.94396,-0.0260425,0.0139575,-0.126042,1.33396,1.34396,1.32396,2.06396,2.17396,2.18396,2.67396,3.07396,3.24396,2.59396,1.48396,2.13396,4.09396,4.71396,5.14396,5.32396,5.04396,6.48396,7.40396,4.99396,-0.0760425,1.17396,1.33396,1.91396,3.11396,4.11396,4.51396,3.96396,3.42396,2.86396,-0.456042,-4.25604,-6.61604,-3.20604
0.743958,2.29396,2.78396,3.17396,3.78396,4.58396,4.83396,5.32396,5.81396,4.18396,3.45396,4.81396,4.64396,5.11396,0.393958,0.153958,0.473958,-0.166042,-1.01604,0.843958,0.653958,0.943958,0.0439575,0.423958,1.29396,2.26396,1.32396,1.78396,1.43396,1.71396,0.133958,0.783958,1.75396,1.39396,0.553958,0.163958,0.943958,2.03396,2.47396,1.84396,0.803958,0.993958,3.05396,4.69396,5.42396,5.47396,5.58396,5.70396,6.03396,6.63396,5.35396,4.64396,5.30396,5.47396,5.48396,4.77396,4.76396,4.76396,3.90396,3.74396,3.59396,1.60396,1.03396,-0.826042
1.21396,0.823958,1.49396,2.79396,3.44396,3.42396,4.23396,5.73396,6.24396,6.18396,6.59396,5.45396,5.88396,7.02396,6.95396,2.96396,-2.68604,-2.09604,-1.62604,-0.306042,1.31396,0.383958,-0.0560425,-0.306042,-0.266042,-0.416042,0.323958,0.733958,1.61396,2.13396,2.79396,3.03396,1.07396,1.69396,0.0339575,1.69396,2.07396,1.80396,2.45396,1.27396,2.00396,2.19396,3.24396,4.30396,4.96396,5.55396,5.98396,6.17396,6.16396,6.17396,6.08396,5.82396,5.31396,5.32396,5.65396,6.17396,6.57396,6.59396,6.38396,4.47396,2.78396,3.64396,3.93396,1.60396
1.66396,1.86396,3.59396,3.98396,4.11396,4.91396,5.71396,4.29396,5.13396,6.31396,6.55396,5.59396,6.76396,7.14396,7.47396,7.58396,6.97396,-3.84604,-3.79604,-2.59604,-0.786042,1.30396,0.163958,-0.246042,-0.146042,0.173958,0.0739575,-0.326042,0.353958,0.943958,1.27396,0.963958,1.17396,1.36396,2.26396,-0.426042,0.353958,-0.576042,3.30396,1.94396,1.41396,1.96396,2.67396,3.32396,3.95396,4.53396,4.82396,4.97396,4.98396,5.30396,5.11396,4.76396,4.58396,4.85396,4.74396,4.70396,5.53396,6.03396,6.22396,5.84396,4.57396,3.91396,3.78396,3.56396
2.55396,4.00396,3.03396,4.93396,6.09396,5.66396,5.95396,6.16396,4.48396,5.23396,6.68396,6.79396,6.48396,6.10396,6.34396,6.87396,7.72396,8.73396,-4.97604,-3.27604,-1.63604,-0.756042,0.00395752,-1.07604,-1.09604,-1.17604,-1.07604,-0.836042,-0.876042,-0.406042,0.0939575,0.783958,1.33396,0.973958,1.52396,1.90396,0.283958,0.0339575,-1.26604,0.823958,1.25396,1.72396,2.10396,2.53396,2.95396,3.43396,3.84396,4.08396,4.28396,4.70396,5.47396,4.66396,3.68396,4.04396,3.84396,3.01396,3.34396,4.37396,5.07396,4.70396,4.91396,3.96396,4.14396,3.87396
2.53396,3.81396,3.60396,3.08396,4.13396,4.83396,7.09396,6.97396,7.05396,4.04396,4.45396,4.69396,5.78396,6.20396,5.91396,4.81396,5.59396,6.26396,6.38396,-2.97604,-3.57604,-1.64604,-0.416042,-1.44604,-2.04604,-1.55604,-1.65604,-1.29604,-1.01604,-0.866042,-0.166042,0.193958,-0.136042,-0.946042,-0.276042,0.923958,0.223958,-0.136042,0.203958,0.973958,1.45396,1.41396,1.68396,1.82396,2.33396,2.96396,3.55396,4.36396,4.65396,3.85396,4.73396,5.10396,4.94396,3.02396,4.23396,2.34396,1.75396,2.90396,2.78396,3.29396,2.53396,2.64396,2.86396,3.30396
1.23396,2.47396,3.29396,3.91396,3.41396,4.37396,3.24396,3.50396,5.33396,6.71396,5.74396,3.51396,5.07396,6.93396,6.86396,5.88396,5.70396,5.84396,5.03396,4.73396,-3.74604,-2.76604,-2.04604,0.723958,-2.82604,-2.44604,-1.67604,-0.646042,-1.46604,-1.54604,-0.916043,-0.0360425,0.893957,-1.15604,-1.33604,-0.736042,-1.45604,-0.936042,-0.236042,0.433958,0.743958,0.893957,1.03396,1.64396,2.15396,2.68396,3.40396,3.97396,4.52396,4.79396,4.93396,5.59396,4.92396,4.14396,3.74396,4.07396,1.40396,1.51396,2.84396,1.40396,2.16396,1.62396,1.12396,1.87396
-1.73604,1.16396,2.30396,3.53396,4.51396,5.07396,5.70396,4.25396,4.74396,5.50396,6.44396,7.28396,3.59396,4.17396,6.48396,6.56396,6.92396,5.95396,6.02396,3.73396,2.76396,-2.09604,-3.12604,-2.10604,0.0339575,-4.02604,-3.72604,-2.69604,-2.05604,-2.44604,-1.47604,-0.126042,0.123958,0.0239575,-1.74604,-1.67604,-2.06604,-1.10604,-0.306042,0.0439575,0.0439575,0.133958,0.323958,0.833957,1.54396,2.61396,3.38396,3.76396,3.98396,4.56396,4.01396,4.96396,5.30396,4.27396,4.53396,4.46396,1.78396,0.183958,1.60396,1.09396,1.09396,1.23396,1.73396,-0.956042
